13 0.26426121 -0.942521199 -0.204498907 78.7917245 0.961555785 0.241059432 0.13153259 -236.475307 -0.0746758641 -0.231396069 0.969989368 -187.465599
20 0.265173697 -0.942580178 -0.203040681 78.2589628 0.961348777 0.242276713 0.130807198 -236.137375 -0.0741042431 -0.229879539 0.970393713 -184.7629
22 0.262741227 -0.94248195 -0.206627253 78.1116229 0.961937681 0.239194064 0.132144229 -236.041406 -0.0751195383 -0.233482278 0.969455043 -184.010327
24 0.262535649 -0.943103017 -0.204038555 77.9608642 0.961875848 0.23899926 0.132944373 -235.952813 -0.0766151754 -0.231162395 0.969893841 -183.258643
26 0.26411308 -0.943065007 -0.202169915 77.8228504 0.961404743 0.240661861 0.133352126 -235.858352 -0.0771051361 -0.229587156 0.970229115 -182.539776
27 0.264806258 -0.942721226 -0.202865312 77.7552565 0.961130082 0.240980287 0.134749646 -235.811523 -0.0781448107 -0.230662504 0.969890818 -182.185999
28 0.265405256 -0.942202674 -0.204485134 77.6885533 0.960858071 0.241008395 0.136626207 -235.765647 -0.0794469434 -0.232742505 0.969287939 -181.835573
30 0.266199889 -0.941874498 -0.20496353 77.5530215 0.960268077 0.240640988 0.141340493 -235.676819 -0.083802379 -0.234444759 0.968510618 -181.141093
32 0.266524221 -0.942641335 -0.20097799 77.4270908 0.959578378 0.239956013 0.147072936 -235.582619 -0.090411151 -0.232052634 0.968492333 -180.479593
33 0.267011519 -0.94304057 -0.198442261 77.3659364 0.959129502 0.240035194 0.149845597 -235.533647 -0.093677351 -0.230342328 0.968590195 -180.15448
34 0.267966684 -0.942868568 -0.19797151 77.306151 0.958470513 0.240079385 0.153935584 -235.485461 -0.0976121459 -0.230999463 0.968044998 -179.831692
36 0.272456461 -0.942458003 -0.193753425 77.1835368 0.955950981 0.242295777 0.165681856 -235.389112 -0.109202554 -0.230359869 0.966958703 -179.187614
38 0.27761168 -0.941606006 -0.190551526 77.0712503 0.952722262 0.244340308 0.180604831 -235.282046 -0.123499175 -0.231680691 0.964920728 -178.565291
40 0.286255817 -0.940179875 -0.184714399 76.9629848 0.94712665 0.248490765 0.202986325 -235.16704 -0.144943836 -0.233053946 0.961601343 -177.95598
42 0.29646069 -0.938405887 -0.177497747 76.8581851 0.938993469 0.252468641 0.233561234 -235.038567 -0.174362622 -0.23591095 0.956004027 -177.355132
44 0.302463791 -0.938428503 -0.166935916 76.7669326 0.92990911 0.25207601 0.26781847 -234.889809 -0.209247946 -0.236240619 0.948897079 -176.781103
46 0.305591895 -0.939675097 -0.153702003 76.6817802 0.918910992 0.248764916 0.306134946 -234.720947 -0.249431719 -0.234790818 0.939498318 -176.222973
48 0.303280703 -0.942071165 -0.143257586 76.605424 0.906161522 0.238620649 0.349186887 -234.52845 -0.294774679 -0.235716157 0.926037678 -175.684178
50 0.298642521 -0.946034988 -0.125819104 76.543462 0.890408969 0.228747904 0.3935051 -234.316477 -0.343488736 -0.229547814 0.910671889 -175.170343
52 0.299864071 -0.947460203 -0.111358444 76.489875 0.868331797 0.222734523 0.443158237 -234.083034 -0.395071423 -0.229583311 0.889499901 -174.674505
54 0.298927939 -0.949554212 -0.0948097313 76.4466613 0.841960494 0.215676735 0.49455644 -233.825366 -0.449159898 -0.227662786 0.863958936 -174.205963
55 0.300538784 -0.950313187 -0.0811251202 76.4289384 0.826299711 0.216948048 0.519771422 -233.689066 -0.4763457 -0.223245135 0.850444815 -173.979946
57 0.297373252 -0.953281641 -0.0531343833 76.4020455 0.793554305 0.215835301 0.568934696 -233.397427 -0.530886724 -0.211350979 0.820664395 -173.548453
59 0.304788668 -0.951617873 -0.0390805844 76.3884093 0.751423882 0.215052057 0.62379064 -233.081442 -0.585205962 -0.219490403 0.780613826 -173.128217
60 0.307474819 -0.951069575 -0.0304286044 76.3860537 0.727510834 0.214347409 0.651753922 -232.914292 -0.613341033 -0.222535058 0.75781985 -172.928384
61 0.311697931 -0.950087982 -0.0133126448 76.3852062 0.701703161 0.220717649 0.67741892 -232.742649 -0.640669239 -0.220491601 0.735476974 -172.737307
62 0.314422764 -0.949265832 0.005718913 76.3880786 0.675552385 0.227985692 0.70117865 -232.566368 -0.666908765 -0.216603104 0.712962688 -172.552379
63 0.314707205 -0.948987936 0.0195261985 76.3948538 0.649870891 0.230415384 0.724276587 -232.380597 -0.69182888 -0.215245552 0.689233018 -172.378524
64 0.312830481 -0.949385816 0.0283489599 76.4056606 0.623665576 0.227831101 0.747752792 -232.190573 -0.716364669 -0.216239595 0.663371765 -172.206184
65 0.311365878 -0.949466694 0.0395510761 76.4206946 0.596315055 0.227621155 0.769803198 -231.997507 -0.739905159 -0.216105547 0.637054745 -172.043428
66 0.30902393 -0.949521157 0.0539794717 76.4376981 0.568370331 0.229888543 0.790004066 -231.799646 -0.762534837 -0.213449831 0.610720715 -171.888132
67 0.306987186 -0.949274142 0.0680989798 76.4564727 0.539591307 0.232547733 0.80917413 -231.597509 -0.783964342 -0.211660471 0.583609249 -171.741426
68 0.305992141 -0.948620061 0.0805530188 76.4791857 0.509871306 0.234743644 0.827602968 -231.389757 -0.803990088 -0.212168331 0.55550386 -171.599899
69 0.303001806 -0.948448645 0.0929250948 76.5062789 0.480114886 0.236154742 0.844819882 -231.173895 -0.823212975 -0.211367229 0.526919627 -171.469955
70 0.30089824 -0.947249866 0.110353709 76.5357824 0.448973623 0.242798987 0.859925193 -230.958438 -0.841357793 -0.209204073 0.498347991 -171.34198
71 0.298155192 -0.945500362 0.130891355 76.5688527 0.416757359 0.252316712 0.873298105 -230.737514 -0.858729751 -0.205828429 0.469273772 -171.220928
72 0.294885452 -0.943692766 0.149955105 76.6064291 0.384098514 0.260763703 0.885703462 -230.511399 -0.874934799 -0.203583533 0.439366411 -171.108812
73 0.292435458 -0.942096001 0.164123818 76.6487699 0.350294901 0.265229279 0.898302238 -230.279714 -0.889817389 -0.20520369 0.407573871 -171.00127
74 0.289153499 -0.941564529 0.172761374 76.6956802 0.316107799 0.264261945 0.91117588 -230.042695 -0.903585145 -0.208858477 0.374048156 -170.901255
75 0.288047194 -0.940700655 0.179195681 76.7455822 0.281103784 0.261944295 0.923236616 -229.799475 -0.915428575 -0.215563133 0.339886833 -170.809713
76 0.285853499 -0.939406805 0.189215836 76.7978885 0.244701554 0.262466227 0.93339843 -229.55479 -0.926503603 -0.220513799 0.304901194 -170.724869
77 0.286086287 -0.937106624 0.199964528 76.8522564 0.207120241 0.264230646 0.941957203 -229.30604 -0.93555109 -0.228064337 0.269686514 -170.649021
78 0.28377539 -0.935453914 0.210707149 76.9100004 0.169660792 0.265256016 0.949133532 -229.052644 -0.943762016 -0.233591997 0.233982981 -170.582992
79 0.278894957 -0.934849796 0.219712226 76.9709635 0.132669746 0.264104161 0.955325981 -228.796317 -0.951113212 -0.237286433 0.197683604 -170.525892
80 0.271921684 -0.934627109 0.229195908 77.0352684 0.096251575 0.263391039 0.959875406 -228.537387 -0.957493724 -0.23895047 0.161581066 -170.480384
81 0.26364423 -0.934720187 0.238306299 77.1016802 0.0610217142 0.262713139 0.962942447 -228.277802 -0.96268794 -0.239332361 0.126301031 -170.443836
82 0.253454289 -0.935343454 0.246766179 77.1717828 0.0264967143 0.261712723 0.964782035 -228.013674 -0.966984409 -0.237989652 0.0911157404 -170.418959
83 0.237694336 -0.937087668 0.25567187 77.245545 -0.00548047719 0.261917617 0.965074674 -227.748903 -0.971324543 -0.230793988 0.0571206464 -170.405196
84 0.227498776 -0.936468307 0.26696707 77.3205161 -0.0378299835 0.265449531 0.963382291 -227.484717 -0.973043267 -0.229267652 0.0249628627 -170.398547
85 0.218588018 -0.935086632 0.278984353 77.3986536 -0.0693769872 0.270282558 0.960278174 -227.220312 -0.973347889 -0.229260396 -0.00579296468 -170.399526
86 0.204719034 -0.935129477 0.289176378 77.4804801 -0.0958581309 0.274859609 0.956694002 -226.955686 -0.974115669 -0.223573379 -0.0333707701 -170.410054
87 0.196488583 -0.935806564 0.292674413 77.5645554 -0.119900608 0.273320926 0.954421037 -226.684982 -0.973147513 -0.222624677 -0.0584993344 -170.426821
88 0.188958485 -0.936894712 0.294147905 77.650329 -0.140974959 0.270559827 0.952325281 -226.417915 -0.971813126 -0.221417432 -0.0809541186 -170.448578
89 0.183500817 -0.937633435 0.295247341 77.7370822 -0.158991171 0.268084251 0.950185583 -226.149232 -0.970076934 -0.221301552 -0.0998817586 -170.475719
90 0.177605615 -0.936880017 0.301184461 77.8234846 -0.174369783 0.271248253 0.946583099 -225.882544 -0.968530549 -0.220635943 -0.115188352 -170.50714
91 0.170847595 -0.936000855 0.307755582 77.9119896 -0.187595018 0.275733387 0.942750873 -225.614909 -0.967274112 -0.218800133 -0.128480711 -170.544182
92 0.163349405 -0.935098851 0.314495008 78.0025784 -0.19778588 0.281265349 0.939026384 -225.348572 -0.966539041 -0.215592073 -0.139004821 -170.58485
93 0.155616935 -0.934907155 0.318954511 78.0962775 -0.204693198 0.28536042 0.936306641 -225.077494 -0.966376771 -0.210992989 -0.146962221 -170.629616
94 0.150348484 -0.933822702 0.324608217 78.1904095 -0.209307378 0.290831371 0.933599237 -224.811402 -0.966222415 -0.208308125 -0.151729925 -170.67302
95 0.147576776 -0.93256092 0.329471131 78.2861815 -0.212186604 0.295510111 0.931477654 -224.54544 -0.966021708 -0.207373829 -0.154266506 -170.716524
96 0.144735721 -0.931527017 0.333630016 78.3846273 -0.214241703 0.299678522 0.929673747 -224.273508 -0.965997963 -0.206034463 -0.156197748 -170.762275
98 0.142053516 -0.929557936 0.340209998 78.5840761 -0.218751308 0.305717395 0.926652437 -223.736002 -0.965385241 -0.206055618 -0.159913784 -170.852643
99 0.140342817 -0.928453308 0.343916194 78.6852238 -0.220309079 0.309362414 0.925072325 -223.467329 -0.965281204 -0.205595116 -0.1611299 -170.899216
100 0.137297703 -0.928346702 0.345429793 78.7877045 -0.221533729 0.311119485 0.924190171 -223.195202 -0.965438837 -0.203413538 -0.162944116 -170.94789
102 0.136448733 -0.92882778 0.344471623 78.9958727 -0.225804665 0.309409539 0.923730475 -222.651434 -0.964569332 -0.203825152 -0.167515106 -171.04327
103 0.135879469 -0.928303816 0.34610518 79.0991494 -0.227829114 0.310704292 0.922798319 -222.378911 -0.964173566 -0.204242182 -0.169276302 -171.092731
105 0.137092118 -0.926243321 0.351111182 79.3095184 -0.233300748 0.314294282 0.920211859 -221.831574 -0.962692325 -0.208068294 -0.173005991 -171.19181
106 0.138639659 -0.924514831 0.355037142 79.4159834 -0.23623067 0.317278682 0.918438517 -221.55702 -0.961755746 -0.211202664 -0.17441135 -171.242208
107 0.141175206 -0.922417406 0.359465841 79.5245987 -0.239086921 0.320586766 0.916548727 -221.281888 -0.960680491 -0.215337537 -0.175279035 -171.293105
108 0.142545265 -0.921122346 0.362235382 79.6342414 -0.242090725 0.322410719 0.915119342 -221.005257 -0.959725444 -0.218139755 -0.177037055 -171.345235
109 0.143666985 -0.921237202 0.3614994 79.744353 -0.245286747 0.320742312 0.914854514 -220.726004 -0.958746165 -0.220105401 -0.179887195 -171.397276
110 0.145672417 -0.922182033 0.358273421 79.8559776 -0.248760164 0.316359682 0.915442479 -220.445636 -0.957547872 -0.222478873 -0.183317274 -171.451178
111 0.144820658 -0.92276536 0.357114922 79.967526 -0.250910719 0.314873635 0.915367907 -220.166333 -0.95711587 -0.222168144 -0.185931513 -171.50636
112 0.144961148 -0.92241217 0.357969348 80.079069 -0.252988396 0.315210363 0.914679889 -219.884284 -0.956547509 -0.223155137 -0.187666319 -171.561669
113 0.143298687 -0.921635182 0.360630113 80.190778 -0.253768058 0.317990552 0.913500838 -219.603598 -0.95659148 -0.222419874 -0.188313942 -171.618881
114 0.142654285 -0.920708614 0.363242898 80.304474 -0.254234431 0.32059738 0.91245941 -219.32118 -0.95656396 -0.222515096 -0.18834124 -171.675954
115 0.143747656 -0.920203316 0.36409129 80.4177627 -0.254902556 0.321068859 0.912107162 -219.037965 -0.956222411 -0.223921067 -0.188409281 -171.732903
116 0.146652582 -0.920059534 0.363295298 80.5315896 -0.255631521 0.319540294 0.912439875 -218.754219 -0.955586493 -0.226681393 -0.188334809 -171.788497
117 0.150273968 -0.919588132 0.363008817 80.6471523 -0.256681823 0.318296702 0.912579668 -218.468124 -0.954741942 -0.230314733 -0.18820985 -171.843974
118 0.15391039 -0.918423527 0.364430813 80.7622719 -0.257734941 0.318741103 0.912127628 -218.183528 -0.953878552 -0.234312473 -0.187652266 -171.899369
119 0.157762424 -0.91753174 0.365029483 80.8783355 -0.259099816 0.318244469 0.911914329 -217.895651 -0.952878955 -0.238444886 -0.187525286 -171.954519
120 0.16092065 -0.917024961 0.364924327 80.9946577 -0.260262637 0.317228481 0.911937197 -217.606946 -0.952033562 -0.241725694 -0.187618722 -172.011223
121 0.160538202 -0.918966695 0.360177317 81.112016 -0.260524782 0.312517663 0.913487574 -217.3157 -0.95202643 -0.24048477 -0.189242574 -172.068644
123 0.152464788 -0.925646754 0.346312828 81.3442021 -0.258522741 0.300855553 0.917960745 -216.728776 -0.953897521 -0.229486432 -0.193430858 -172.191013
124 0.144859578 -0.926350817 0.3476922 81.4559401 -0.255653013 0.304424911 0.917587604 -216.436714 -0.955854194 -0.221809912 -0.192725513 -172.256258
125 0.140053563 -0.925360482 0.352268332 81.5691784 -0.253201778 0.310473968 0.916239475 -216.142743 -0.957221949 -0.217517571 -0.190819933 -172.319175
126 0.136970024 -0.923968265 0.357102026 81.6842422 -0.25146498 0.316257424 0.914738545 -215.84878 -0.958125553 -0.215090415 -0.189027875 -172.380346
127 0.136290408 -0.92253919 0.361035133 81.8013417 -0.250535538 0.320492386 0.913518787 -215.553773 -0.958465893 -0.21495598 -0.187448815 -172.441118
128 0.139294608 -0.923028317 0.358630364 81.9196346 -0.251230995 0.317371186 0.914417037 -215.254044 -0.957851763 -0.217472426 -0.187685228 -172.500837
129 0.140180162 -0.924510817 0.354442199 82.0381841 -0.251147927 0.313068674 0.915921789 -214.953138 -0.957744351 -0.217411488 -0.188302957 -172.561352
130 0.142578858 -0.924811911 0.352695618 82.1563133 -0.25163277 0.310759824 0.916574755 -214.651647 -0.957262878 -0.219433957 -0.188405202 -172.620261
131 0.144392334 -0.924228197 0.353487049 82.2739201 -0.251942259 0.31111966 0.916367642 -214.349461 -0.956909584 -0.221374788 -0.187928845 -172.679923
132 0.143519544 -0.922531631 0.358242278 82.3927827 -0.25146266 0.316114992 0.914788414 -214.047248 -0.957167003 -0.221374572 -0.186613578 -172.74011
133 0.144038059 -0.921513419 0.36064672 82.5119328 -0.250880491 0.318534649 0.914108668 -213.743568 -0.95724188 -0.222145664 -0.185308626 -172.801356
134 0.144067935 -0.921922113 0.35958872 82.6338612 -0.250518364 0.317563373 0.914545818 -213.439007 -0.95733222 -0.221840306 -0.18520772 -172.861369
135 0.142747839 -0.924657086 0.35303304 82.7563312 -0.249620938 0.311522143 0.916866043 -213.131608 -0.957764293 -0.219005086 -0.186344657 -172.922925
136 0.143250864 -0.925091206 0.351689425 82.8769128 -0.250028881 0.309999312 0.917270944 -212.822794 -0.957582763 -0.219332369 -0.186891849 -172.984524
137 0.145616406 -0.923561262 0.354725892 82.9967502 -0.25043612 0.31246043 0.916324304 -212.514335 -0.957119435 -0.222268028 -0.185793734 -173.044066
138 0.146236565 -0.922341068 0.357633641 83.1175194 -0.250310847 0.315255877 0.915400574 -212.206062 -0.957057651 -0.223384615 -0.184770037 -173.104948
139 0.147074673 -0.922361753 0.357236388 83.2404536 -0.250538401 0.314647743 0.915547545 -211.894427 -0.956869662 -0.224155289 -0.184810325 -173.165552
140 0.147517596 -0.923558208 0.353947447 83.3634043 -0.250335208 0.311345654 0.916731241 -211.580074 -0.956854661 -0.223839496 -0.185270173 -173.22665
141 0.147075689 -0.924117265 0.352669849 83.4867399 -0.249438559 0.310371586 0.917305775 -211.266032 -0.957156804 -0.222882838 -0.184862364 -173.288561
142 0.145900795 -0.924263853 0.352773707 83.6093868 -0.247942775 0.311046193 0.917482777 -210.951359 -0.957725085 -0.221329158 -0.183782658 -173.35088
143 0.14386961 -0.924627697 0.352654443 83.7323749 -0.24635579 0.311678279 0.917695742 -210.634195 -0.958441631 -0.218906992 -0.182946354 -173.412995
144 0.144458725 -0.924819867 0.351908924 83.8565681 -0.245414625 0.311041891 0.918163713 -210.3167 -0.95859446 -0.219000356 -0.182031606 -173.474411
145 0.143735586 -0.924796308 0.352266759 83.9809089 -0.243796794 0.311901523 0.918303089 -209.99598 -0.959115845 -0.217874339 -0.180631027 -173.536328
146 0.143887194 -0.925479694 0.35040521 84.1052918 -0.242696502 0.31027416 0.919145447 -209.674769 -0.95937213 -0.217295378 -0.179966206 -173.597291
147 0.145726691 -0.925492761 0.349609611 84.2297398 -0.242101879 0.309277022 0.919638192 -209.35233 -0.959244709 -0.218656974 -0.178993619 -173.657427
148 0.145032772 -0.925966729 0.348641811 84.354006 -0.240492715 0.308809108 0.920217468 -209.028388 -0.959754525 -0.217307506 -0.177900812 -173.718684
149 0.147395622 -0.925341497 0.349310241 84.4794396 -0.239404129 0.309288204 0.92034041 -208.70293 -0.95966671 -0.219280462 -0.175942848 -173.778655
150 0.147254838 -0.924517531 0.351544234 84.6051392 -0.2377814 0.311906587 0.919877322 -208.377114 -0.960091672 -0.219047066 -0.173903319 -173.838843
151 0.149641948 -0.924519206 0.35053035 84.7315221 -0.237291043 0.31058068 0.92045239 -208.049002 -0.959843867 -0.220916001 -0.172904229 -173.898089
152 0.153133918 -0.924360959 0.349437863 84.8594174 -0.23776158 0.308757534 0.920944198 -207.718839 -0.959176435 -0.224110692 -0.172496272 -173.956262
153 0.155700089 -0.923481083 0.350628253 84.9855535 -0.238470306 0.309317678 0.920572912 -207.387515 -0.958587187 -0.226947711 -0.172062027 -174.015534
154 0.158148738 -0.923175127 0.350337924 85.1133618 -0.239480921 0.308348815 0.920635594 -207.054555 -0.957934165 -0.229496606 -0.172317853 -174.074716
155 0.160346623 -0.92355071 0.348343288 85.2418578 -0.241192415 0.305551248 0.921121411 -206.719712 -0.95713906 -0.231716467 -0.173759315 -174.134048
156 0.162003276 -0.923640517 0.347337205 85.3704402 -0.243014065 0.303803433 0.921220733 -206.384136 -0.956399029 -0.233648603 -0.175240485 -174.194929
157 0.163393561 -0.923497493 0.347066168 85.4994034 -0.244805321 0.302838502 0.921064165 -206.049197 -0.955705446 -0.235459599 -0.176595239 -174.255565
158 0.162760742 -0.923430335 0.347541879 85.6269341 -0.24641926 0.303032299 0.920569918 -205.715018 -0.955398602 -0.235473656 -0.178229257 -174.318004
159 0.162586488 -0.923757698 0.346752575 85.7563989 -0.248743326 0.301704806 0.920380882 -205.379231 -0.954825844 -0.235893884 -0.180725437 -174.381375
160 0.164293759 -0.924836867 0.343051497 85.8851223 -0.252419146 0.296779974 0.920981119 -205.043611 -0.953568107 -0.237904216 -0.184687435 -174.444439
161 0.163560438 -0.924684873 0.343810803 86.0124096 -0.256581663 0.296638005 0.91987594 -204.711045 -0.952582718 -0.238670859 -0.18873894 -174.508638
162 0.166860433 -0.921521257 0.350651064 86.1381679 -0.263127676 0.301120246 0.916564468 -204.382378 -0.950221775 -0.245204344 -0.192232692 -174.574608
163 0.163935961 -0.920495646 0.354700955 86.2673016 -0.269761663 0.304028065 0.913671484 -204.053346 -0.948869667 -0.245468332 -0.198473304 -174.641972
164 0.159652167 -0.922188687 0.352248792 86.397359 -0.277927469 0.300402676 0.912422355 -203.726139 -0.947242053 -0.243569822 -0.20834163 -174.714222
165 0.154442544 -0.923279751 0.351712953 86.5293187 -0.287735501 0.298521513 0.909996257 -203.398216 -0.945175001 -0.241742439 -0.21955594 -174.789623
166 0.150332879 -0.922821848 0.354682764 86.6585104 -0.299699536 0.299339474 0.905856538 -203.074352 -0.942114756 -0.242478281 -0.231568714 -174.86956
167 0.144259602 -0.922931616 0.356912314 86.7878185 -0.312471689 0.299743157 0.901396407 -202.752304 -0.938909266 -0.241560081 -0.245149172 -174.954523
168 0.139479008 -0.923647492 0.356960666 86.9181533 -0.325917165 0.297578531 0.897343312 -202.433883 -0.93505273 -0.241500163 -0.259526613 -175.043547
169 0.130773695 -0.923365739 0.360962537 87.0491663 -0.339104926 0.300469 0.891474189 -202.11773 -0.931614775 -0.238985548 -0.273824429 -175.13842
170 0.125709011 -0.92204666 0.366097258 87.1803553 -0.353025868 0.303293535 0.885090825 -201.805429 -0.92712997 -0.240505694 -0.287379592 -175.23653
171 0.121109118 -0.920347287 0.371878277 87.3130666 -0.367145638 0.306536191 0.878202507 -201.496834 -0.922245446 -0.242891818 -0.300777165 -175.34005
172 0.119351166 -0.920178108 0.372863981 87.4464259 -0.382864107 0.303847102 0.872405877 -201.188479 -0.916062429 -0.246878894 -0.316038664 -175.445864
173 0.11960119 -0.920894166 0.371011442 87.5803204 -0.399046702 0.297591232 0.867295329 -200.882362 -0.909096961 -0.251780446 -0.331887514 -175.556291
174 0.118290144 -0.921326303 0.37035832 87.7139082 -0.414400864 0.293140624 0.86159184 -200.578141 -0.902374293 -0.255394631 -0.347122769 -175.672512
175 0.114989537 -0.920132695 0.374343732 87.8470249 -0.428619952 0.294000484 0.8543118 -200.278547 -0.896137458 -0.258688111 -0.360580252 -175.795073
176 0.110454962 -0.919102649 0.378219542 87.9806294 -0.441924976 0.295441295 0.847004579 -199.982713 -0.890225823 -0.260700521 -0.37354146 -175.920586
177 0.104319689 -0.918340799 0.381795205 88.1157604 -0.454239345 0.29751476 0.839733044 -199.690588 -0.884750824 -0.261027094 -0.386109876 -176.051737
178 0.0976333229 -0.91864487 0.38283069 88.2515272 -0.466365035 0.297588364 0.833033505 -199.401125 -0.879187914 -0.259870678 -0.399369306 -176.189146
179 0.0931949806 -0.919154749 0.382713003 88.3880199 -0.479302255 0.295498148 0.826408006 -199.112572 -0.872687827 -0.260452284 -0.413014 -176.32968
180 0.0885532848 -0.919406046 0.38321122 88.5247592 -0.492505852 0.293988622 0.819151192 -198.827465 -0.865792297 -0.261272297 -0.4267792 -176.47422
181 0.0847386897 -0.918232056 0.386871098 88.6606875 -0.50619523 0.294760098 0.810483112 -198.545782 -0.858245736 -0.264511581 -0.439827102 -176.622114
182 0.0787211573 -0.917271967 0.390403789 88.7967188 -0.519292408 0.29655961 0.801490981 -198.268481 -0.850963204 -0.265828021 -0.452986852 -176.775608
183 0.0724616547 -0.916557038 0.393284255 88.9347392 -0.532158791 0.297971309 0.792477205 -197.994098 -0.843537984 -0.266713883 -0.466162391 -176.933448
184 0.0647036143 -0.915822852 0.396335649 89.0741732 -0.544341829 0.300482928 0.783199836 -197.722116 -0.836364404 -0.266417932 -0.479078354 -177.097838
185 0.0595049732 -0.913935919 0.401472657 89.2150289 -0.557566984 0.303168857 0.772792147 -197.452517 -0.827996507 -0.269832874 -0.491540439 -177.265804
186 0.052887758 -0.91281486 0.40493446 89.3566256 -0.570681916 0.305132983 0.762375245 -197.183859 -0.819466311 -0.271409091 -0.504789134 -177.439336
187 0.0485190613 -0.913323003 0.404335249 89.5006011 -0.584483203 0.302304017 0.752988491 -196.917722 -0.809953879 -0.272861456 -0.519154447 -177.620404
188 0.0453017441 -0.914222501 0.402672286 89.6459992 -0.599267868 0.297633792 0.743163608 -196.652373 -0.799265772 -0.27497517 -0.53438084 -177.805464
189 0.0396550291 -0.913647624 0.404568286 89.7911312 -0.613459279 0.297336685 0.731613702 -196.390923 -0.788730113 -0.277198332 -0.548694718 -177.996374
190 0.0347974536 -0.913295419 0.405808595 89.9376802 -0.627859512 0.295940584 0.719869157 -196.129507 -0.777548436 -0.2798404 -0.563123237 -178.194994
191 0.0291917809 -0.913239873 0.406375165 90.0845705 -0.641722664 0.294581495 0.708105759 -195.874657 -0.766381017 -0.281451022 -0.577447366 -178.398058
192 0.0242013411 -0.912690218 0.407934874 90.2338683 -0.655610788 0.293563559 0.695697443 -195.621238 -0.754711064 -0.284283315 -0.59126492 -178.607836
193 0.018489669 -0.912463298 0.408740581 90.3823086 -0.668945848 0.292541546 0.68332342 -195.37347 -0.743081143 -0.286059738 -0.604979538 -178.82232
194 0.0128397719 -0.913215697 0.407274146 90.5317698 -0.682150118 0.28980713 0.671329311 -195.128313 -0.731099416 -0.286441822 -0.619229139 -179.043644
195 0.00656817953 -0.914568049 0.404378712 90.6823396 -0.694926928 0.286606565 0.659494687 -194.886301 -0.719050363 -0.285345336 -0.633675481 -179.271595
196 -0.000484665873 -0.915244352 0.402898922 90.8315506 -0.707288804 0.285132949 0.646870736 -194.649326 -0.706924545 -0.284652381 -0.647480278 -179.503754
197 -0.00576750854 -0.915410701 0.402479794 90.9819333 -0.719984042 0.283118229 0.633614273 -194.414254 -0.693966652 -0.286124654 -0.660713984 -179.744281
198 -0.0108053389 -0.91394428 0.405695819 91.1323082 -0.732733064 0.283316928 0.618735626 -194.184996 -0.680430379 -0.290581092 -0.672738528 -179.987473
199 -0.0154165603 -0.913001468 0.407664874 91.2832801 -0.746022646 0.281967208 0.603278298 -193.960086 -0.665742098 -0.294826752 -0.685466736 -180.236589
200 -0.0206779664 -0.913552835 0.406194091 91.4359668 -0.759497537 0.278566194 0.587847231 -193.738922 -0.650181446 -0.296347926 -0.699601311 -180.492199
201 -0.0244854947 -0.91586703 0.400734381 91.5877952 -0.773775293 0.271174408 0.572482521 -193.52352 -0.632986774 -0.296060845 -0.715315119 -180.752876
202 -0.0314460358 -0.91628618 0.399287845 91.7399122 -0.78764687 0.268651945 0.554471407 -193.313139 -0.615323943 -0.297061893 -0.73015798 -181.021119
203 -0.037990092 -0.916483676 0.398264265 91.8912176 -0.802127406 0.265654222 0.534807871 -193.109687 -0.595943268 -0.299141282 -0.745228901 -181.295393
204 -0.0433270949 -0.91671001 0.39719708 92.0431653 -0.816786404 0.261444071 0.514302409 -192.91225 -0.575310988 -0.302141945 -0.760083885 -181.576545
205 -0.0520179256 -0.917284563 0.394820423 92.1943138 -0.829817715 0.259661683 0.493941666 -192.722819 -0.555604801 -0.301935161 -0.774686042 -181.862523
206 -0.0619615072 -0.916091376 0.396153206 92.345625 -0.841916334 0.261145303 0.4722076 -192.541567 -0.536038859 -0.30426916 -0.787453249 -182.155979
207 -0.0728116113 -0.917049057 0.392070779 92.4964921 -0.852873738 0.26103844 0.452178417 -192.367632 -0.517015335 -0.301463032 -0.801133686 -182.457311
208 -0.084350721 -0.917142253 0.389531826 92.6481318 -0.863035389 0.262641256 0.431496799 -192.203618 -0.498051075 -0.299782685 -0.813680201 -182.763634
209 -0.0936708672 -0.916322496 0.389331288 92.7976262 -0.873492379 0.263284013 0.409502859 -192.047144 -0.477741386 -0.301719426 -0.825062759 -183.071999
210 -0.102336355 -0.914747701 0.390850244 92.946473 -0.883500774 0.264135757 0.386857446 -191.898146 -0.457114485 -0.305726912 -0.835210993 -183.383464
211 -0.112293588 -0.91480956 0.387960847 93.0964913 -0.892273889 0.264656129 0.365792892 -191.755635 -0.437307051 -0.305091137 -0.84597987 -183.70071
212 -0.120380117 -0.915876767 0.38298613 93.2440907 -0.900454593 0.263164447 0.346303334 -191.622522 -0.417959511 -0.303173584 -0.856385208 -184.022648
213 -0.129232584 -0.915197671 0.381722624 93.3907348 -0.907235903 0.26451443 0.327039956 -191.498281 -0.400277348 -0.304048251 -0.864484069 -184.344576
214 -0.137815969 -0.913621065 0.382496154 93.5365805 -0.913212372 0.266726139 0.308058971 -191.380682 -0.383470888 -0.306844774 -0.871089182 -184.670612
215 -0.142168252 -0.913591087 0.380971803 93.684731 -0.919763875 0.264167833 0.29025811 -191.265293 -0.365817718 -0.309138613 -0.877844357 -184.999142
217 -0.15050682 -0.914506342 0.375534082 93.9759833 -0.93054879 0.259309823 0.258529234 -191.057855 -0.3338063 -0.310542373 -0.890020667 -185.665721
219 -0.157918568 -0.915777344 0.369342093 94.2646335 -0.939149659 0.254843855 0.230331342 -190.872656 -0.305056788 -0.310493905 -0.900296557 -186.342139
221 -0.16216585 -0.919321565 0.358538838 94.5474044 -0.946682987 0.247450151 0.206300131 -190.706153 -0.278376649 -0.305967782 -0.910434049 -187.031265
222 -0.167788389 -0.920261846 0.353504159 94.6859547 -0.948641518 0.248275286 0.196057779 -190.629694 -0.268190839 -0.302452503 -0.914656305 -187.379
223 -0.17444519 -0.918976547 0.353625483 94.8229798 -0.949446896 0.25217603 0.18697016 -190.558224 -0.260997062 -0.303132573 -0.916510326 -187.726109
224 -0.181404457 -0.917532646 0.353873234 94.9596271 -0.949376254 0.257241738 0.180309225 -190.490613 -0.256470566 -0.303249948 -0.917748505 -188.074472
225 -0.185983137 -0.916217122 0.35490345 95.0980009 -0.949604113 0.260366506 0.17453169 -190.424477 -0.252313894 -0.304557824 -0.918467327 -188.424377
226 -0.185237366 -0.917069292 0.353087853 95.2350315 -0.951203385 0.257557917 0.169929513 -190.358658 -0.246777711 -0.304381066 -0.920028765 -188.77421
227 -0.181135583 -0.919585374 0.348644002 95.3738748 -0.953655237 0.250850518 0.166179742 -190.292613 -0.240273988 -0.302385114 -0.922405363 -189.125443
228 -0.177454227 -0.9212905 0.346025739 95.5102349 -0.95596359 0.244885858 0.161754542 -190.22724 -0.233759732 -0.302083981 -0.924176204 -189.476628
229 -0.172363071 -0.922105486 0.346428123 95.6455644 -0.958483733 0.238105623 0.156890556 -190.162813 -0.227156126 -0.305003582 -0.924863725 -189.826432
230 -0.170552851 -0.921801198 0.348129683 95.781233 -0.959833223 0.235302613 0.152816438 -190.100805 -0.2227822 -0.308083156 -0.924906947 -190.178687
231 -0.171063091 -0.921046637 0.349872136 95.9173429 -0.960262644 0.235339812 0.150036088 -190.042529 -0.220529076 -0.310303505 -0.924704635 -190.529994
232 -0.171428712 -0.920392767 0.351410517 96.0546943 -0.960373909 0.235681361 0.148782563 -189.985092 -0.219759303 -0.311979889 -0.924323752 -190.881004
233 -0.173545637 -0.919399028 0.352969318 96.1913655 -0.959776502 0.238216671 0.148599746 -189.927667 -0.220705638 -0.312982819 -0.923759047 -191.232511
234 -0.173707331 -0.918809034 0.354423083 96.328647 -0.959392821 0.239105047 0.149646887 -189.86971 -0.22224126 -0.3140362 -0.923033091 -191.582916
235 -0.173661567 -0.918088417 0.3563079 96.4675153 -0.959073789 0.239832593 0.150525061 -189.811533 -0.223649563 -0.315585149 -0.922164241 -191.933046
236 -0.174533409 -0.917934007 0.356279734 96.6063916 -0.958364595 0.241412359 0.15250369 -189.753162 -0.225998654 -0.314828894 -0.921849975 -192.282654
237 -0.172971015 -0.917979573 0.356923705 96.7445229 -0.958060699 0.240879507 0.155231312 -189.693827 -0.228474779 -0.315104057 -0.921145324 -192.630283
238 -0.170528466 -0.918201407 0.357527926 96.8837627 -0.957745734 0.239742027 0.158892638 -189.632499 -0.231609914 -0.315325128 -0.920286321 -192.976826
239 -0.168039503 -0.919134848 0.356305847 97.0232308 -0.957129849 0.238632878 0.164185265 -189.569857 -0.235934688 -0.313441351 -0.919831149 -193.324245
240 -0.164843503 -0.920384212 0.354569488 97.1601349 -0.956373463 0.237063596 0.170735613 -189.504749 -0.241197881 -0.310956192 -0.91930943 -193.6654
241 -0.160906997 -0.921628602 0.353142548 97.298688 -0.955452611 0.235155061 0.178360325 -189.436302 -0.247425235 -0.308711545 -0.918410548 -194.012498
242 -0.160668224 -0.92125969 0.354212233 97.436801 -0.953403934 0.237706565 0.185786241 -189.367039 -0.255355948 -0.307857391 -0.916524504 -194.358461
243 -0.157838875 -0.921186159 0.355672533 97.5725493 -0.951567913 0.238125965 0.194459587 -189.294837 -0.263828345 -0.307753288 -0.914156725 -194.697248
244 -0.156519893 -0.91987658 0.359622858 97.7113609 -0.948911144 0.241061068 0.203610418 -189.218057 -0.273987525 -0.309381057 -0.910611991 -195.042319
245 -0.154192336 -0.919911437 0.360538031 97.8506247 -0.946147153 0.242602679 0.214358357 -189.137069 -0.284658197 -0.308069615 -0.907779061 -195.386281
246 -0.151005957 -0.919150958 0.363811376 97.9912691 -0.942958429 0.244393109 0.226056209 -189.052168 -0.296692774 -0.308923169 -0.903625959 -195.72702
247 -0.147711803 -0.918477854 0.366850999 98.1286842 -0.93921507 0.246499582 0.238983282 -188.963571 -0.30992947 -0.309251335 -0.899059139 -196.054521
248 -0.144791135 -0.918019746 0.369154808 98.2715049 -0.934919238 0.249090487 0.252744827 -188.869269 -0.323977693 -0.308534722 -0.894340416 -196.395411
249 -0.139756998 -0.918941047 0.368802567 98.4147269 -0.931037585 0.248754042 0.267002701 -188.769435 -0.337100871 -0.306053555 -0.890333771 -196.731216
250 -0.137006784 -0.918432008 0.37109539 98.5565572 -0.926426097 0.25142196 0.280217211 -188.665812 -0.350661985 -0.305400795 -0.885305894 -197.055593
251 -0.134249723 -0.918335991 0.372338582 98.700015 -0.921254216 0.254082753 0.29450403 -188.555989 -0.365058462 -0.303481404 -0.880131443 -197.389369
252 -0.131276395 -0.918759896 0.372353006 98.842361 -0.915854558 0.256163894 0.309177114 -188.442671 -0.379442929 -0.300433541 -0.875078711 -197.712061
253 -0.128873711 -0.919344495 0.371748929 98.9863146 -0.909769966 0.258779469 0.324579412 -188.324211 -0.394601286 -0.296376258 -0.869741881 -198.037761
254 -0.12683873 -0.919428759 0.372240102 99.1296533 -0.903211248 0.262177832 0.339812046 -188.200381 -0.410026071 -0.293110119 -0.8636927 -198.358877
255 -0.124608177 -0.919350185 0.373186333 99.2719896 -0.895804658 0.265961431 0.356087814 -188.071351 -0.426622569 -0.289930602 -0.856699147 -198.676886
256 -0.121458182 -0.919282603 0.374389377 99.414042 -0.887526891 0.269472338 0.373738782 -187.934311 -0.444459141 -0.286887007 -0.848617651 -198.990858
257 -0.117964316 -0.919203417 0.37569868 99.5561812 -0.878744383 0.272836899 0.391622695 -187.793124 -0.462485382 -0.283945601 -0.839929858 -199.299118
258 -0.112957594 -0.919223041 0.377186404 99.6986476 -0.86997707 0.274881657 0.409365328 -187.645956 -0.479979665 -0.2819026 -0.830752938 -199.604041
259 -0.108039723 -0.919032756 0.379086021 99.8416827 -0.860644851 0.277330159 0.427057869 -187.489274 -0.497612157 -0.280119218 -0.820923483 -199.905034
260 -0.10286062 -0.918943664 0.380739066 99.9841813 -0.850416276 0.279789321 0.445544715 -187.331097 -0.515957218 -0.277957693 -0.810263951 -200.19976
261 -0.0975107722 -0.919516969 0.380762646 100.122808 -0.839785739 0.28133389 0.464339482 -187.16207 -0.53408947 -0.274480939 -0.799630322 -200.483283
262 -0.0916824603 -0.92004853 0.38092654 100.268278 -0.827096975 0.283385262 0.485389933 -186.99246 -0.554531262 -0.270561446 -0.786950814 -200.770672
263 -0.0847684653 -0.919564559 0.383686499 100.406408 -0.813953086 0.286012405 0.505645408 -186.813633 -0.574712695 -0.269440025 -0.772727242 -201.04192
264 -0.0771861641 -0.918818196 0.387059968 100.550392 -0.799744471 0.288878195 0.526268153 -186.628891 -0.59535794 -0.268928449 -0.757117172 -201.315993
265 -0.0683588602 -0.918883439 0.388561824 100.694452 -0.78533603 0.289759857 0.547070877 -186.436534 -0.615283988 -0.267754459 -0.741439926 -201.58188
266 -0.0590378099 -0.919155227 0.389446024 100.833893 -0.770213319 0.290123697 0.567978595 -186.238286 -0.635048014 -0.266424302 -0.725073866 -201.833275
267 -0.0484538575 -0.919567078 0.389934113 100.978544 -0.753959229 0.289732312 0.589576686 -186.030881 -0.655131823 -0.265427159 -0.707354733 -202.087267
268 -0.0376058732 -0.919342393 0.391657201 101.121366 -0.73742601 0.290030819 0.609987708 -185.816071 -0.674380218 -0.265879086 -0.688853855 -202.331243
269 -0.0263958052 -0.919378846 0.392486686 101.263589 -0.72067166 0.289595365 0.629894342 -185.595505 -0.692773859 -0.266227464 -0.670214382 -202.566809
270 -0.0163756779 -0.919488532 0.392775605 101.397248 -0.703411054 0.289773376 0.649033342 -185.374355 -0.710594629 -0.265654341 -0.651523633 -202.784412
271 -0.0070611547 -0.920211972 0.391356699 101.54251 -0.684015522 0.289927624 0.669376381 -185.138886 -0.729433277 -0.262967487 -0.631486496 -203.009842
272 0.00289910211 -0.920434439 0.390886223 101.685076 -0.66330368 0.290750104 0.689559718 -184.898309 -0.748344722 -0.261275374 -0.609684636 -203.224862
273 0.0111149601 -0.91999204 0.391779408 101.822017 -0.641086707 0.294127596 0.708870081 -184.654925 -0.767387967 -0.259043633 -0.586525451 -203.425941
274 0.0217039044 -0.920246088 0.390737864 101.963989 -0.617787138 0.294937767 0.728938108 -184.399405 -0.786045795 -0.25721363 -0.562114896 -203.627772
275 0.0334726383 -0.92092677 0.388295591 102.104989 -0.594300908 0.294022929 0.748569935 -184.136368 -0.8035459 -0.255821033 -0.537465893 -203.817534
276 0.0448051751 -0.921985682 0.384623061 102.239129 -0.570441952 0.292457416 0.767505465 -183.875783 -0.820114916 -0.253793347 -0.512835706 -203.98998
277 0.0553084143 -0.922113939 0.382944987 102.379967 -0.543736563 0.293858192 0.786128433 -183.597851 -0.837431507 -0.251700708 -0.485134233 -204.165495
278 0.0660076797 -0.921680759 0.382292513 102.517783 -0.51573032 0.296471687 0.803820114 -183.315988 -0.854204439 -0.250218141 -0.455769304 -204.3274
279 0.0756566595 -0.921845694 0.380100757 102.654822 -0.486724416 0.298554407 0.820953476 -183.027456 -0.870273183 -0.247114916 -0.426097178 -204.480344
280 0.0846802255 -0.92254654 0.376479934 102.787718 -0.457513368 0.299652645 0.837191621 -182.740153 -0.885161442 -0.243138178 -0.396702721 -204.61829
281 0.0953303101 -0.923214002 0.372274144 102.925493 -0.427471878 0.299772466 0.852879981 -182.436403 -0.898988279 -0.240442041 -0.366070621 -204.751312
282 0.104934329 -0.924439379 0.366606903 103.06037 -0.396208582 0.299259287 0.868022257 -182.130479 -0.912144476 -0.236338134 -0.334868243 -204.871389
283 0.116051572 -0.925582613 0.36031772 103.19168 -0.364586634 0.297748818 0.882282397 -181.819988 -0.923909421 -0.233757284 -0.302900831 -204.980208
284 0.12580134 -0.926697172 0.354127625 103.321923 -0.332096355 0.297030217 0.895256981 -181.503777 -0.934818717 -0.230229021 -0.270385954 -205.077746
285 0.135657676 -0.927426091 0.348536713 103.450041 -0.299039428 0.297053723 0.906826613 -181.183987 -0.944548789 -0.22724421 -0.23703935 -205.163984
286 0.145458069 -0.928092694 0.342762163 103.569424 -0.266504056 0.296885794 0.916970236 -180.871196 -0.952794594 -0.224728227 -0.204156034 -205.230291
287 0.155293323 -0.928669083 0.336834853 103.695828 -0.23219383 0.29710527 0.926182749 -180.540072 -0.960192694 -0.222040971 -0.169492767 -205.295438
288 0.166257688 -0.928651489 0.331609399 103.814189 -0.199399364 0.297680967 0.933609092 -180.21546 -0.965711279 -0.221342392 -0.135680767 -205.341134
289 0.176397547 -0.929081282 0.325102871 103.934154 -0.16649341 0.297360479 0.940136527 -179.879187 -0.970135996 -0.219965263 -0.102232251 -205.379704
290 0.186701391 -0.929457511 0.318200136 104.051268 -0.134650119 0.296628731 0.945452665 -179.543184 -0.973145383 -0.219363014 -0.0697705678 -205.405363
291 0.19612062 -0.929483876 0.312404267 104.16014 -0.103904101 0.297099329 0.949176447 -179.217063 -0.975059301 -0.218613157 -0.0383098817 -205.414005
292 0.203794588 -0.930078639 0.305649295 104.274994 -0.0716262861 0.297199888 0.95212494 -178.874321 -0.976390005 -0.215930433 -0.00605035016 -205.419392
293 0.210807194 -0.931249733 0.297210803 104.385161 -0.0402050522 0.29552621 0.954488247 -178.532831 -0.976700507 -0.213162364 0.0248581068 -205.41168
294 0.217129266 -0.932163112 0.289701249 104.492984 -0.00951280985 0.294746861 0.955528019 -178.191154 -0.976096506 -0.21022897 0.055130679 -205.392521
295 0.22294841 -0.932702988 0.283476883 104.594415 0.0198602987 0.295081654 0.95526561 -177.854516 -0.974627916 -0.207345013 0.0843117454 -205.360878
296 0.228159949 -0.933468981 0.276728566 104.699093 0.0501800644 0.295121909 0.954140985 -177.508929 -0.972329676 -0.203810501 0.114176533 -205.322743
297 0.23265486 -0.934467629 0.269521735 104.800596 0.080742435 0.294728203 0.952163823 -177.163262 -0.969201927 -0.1997637 0.144021141 -205.272077
298 0.236750491 -0.935677536 0.261642415 104.897251 0.111083624 0.293601124 0.949451846 -176.821361 -0.965199271 -0.195719003 0.173448662 -205.209445
299 0.241242682 -0.936701066 0.253757918 104.994501 0.141628977 0.292663169 0.945668812 -176.47535 -0.960074581 -0.192196206 0.203266862 -205.137307
300 0.244661328 -0.937657772 0.246857725 105.088244 0.172173033 0.292562091 0.940618876 -176.132948 -0.954199812 -0.18763082 0.233018012 -205.054684
301 0.249484559 -0.938347243 0.239294603 105.179146 0.201331843 0.291969634 0.93499691 -175.790184 -0.94721853 -0.185089668 0.261761095 -204.959769
302 0.253929617 -0.939287926 0.230776822 105.264567 0.229789926 0.290351544 0.92892011 -175.453734 -0.93952985 -0.182850139 0.289567759 -204.853509
303 0.259199982 -0.939847773 0.222489402 105.35218 0.258647472 0.289495092 0.921571526 -175.110941 -0.930546535 -0.181325001 0.318126373 -204.737424
304 0.263036155 -0.940145032 0.216654796 105.435554 0.288128941 0.290862682 0.912348954 -174.772059 -0.920757131 -0.177556244 0.347390394 -204.609981
305 0.266246034 -0.940537887 0.210953864 105.514907 0.31728497 0.292171717 0.902200607 -174.440043 -0.910188605 -0.173274843 0.376208096 -204.472648
306 0.2696949 -0.941444327 0.202354244 105.594632 0.34594893 0.290838639 0.892038241 -174.105489 -0.898656775 -0.17057393 0.404129355 -204.323435
307 0.273108072 -0.942507802 0.1925903 105.67088 0.373836147 0.288449741 0.881500585 -173.775139 -0.886373801 -0.16874771 0.431121438 -204.163675
