<<<<<<< HEAD
0.992143333 -0.112723223 0.0542686096 -17.1852859 0.115694825 0.991753292 -0.0551372423 3.95378422 -0.0476058246 0.0609826446 0.99700291 -191.777797
0.993669417 -0.109447776 0.0253431227 -17.050272 0.11091498 0.991606973 -0.0664340142 3.66639943 -0.0178593621 0.0688243801 0.997468921 -187.530318
0.99376708 -0.110293597 0.0161960612 -17.0336781 0.111106194 0.991788343 -0.063334796 3.56854118 -0.00907764226 0.064739518 0.997860908 -186.192407
0.993918053 -0.109679121 0.0098688223 -17.0291746 0.110082766 0.99196284 -0.0623819502 3.46030099 -0.00294750752 0.0630889338 0.998003556 -184.801599
0.99342437 -0.11432956 0.00606409545 -17.0344295 0.114481814 0.991312955 -0.0647498305 3.34686696 0.00139140329 0.0650182882 0.997883102 -183.34344
0.993060189 -0.117520166 0.00452456097 -17.0710639 0.117557793 0.99079247 -0.0671598627 3.27055425 0.00340973729 0.0672256833 0.997731969 -182.569564
0.993262887 -0.115855631 0.00251205264 -17.0314194 0.115776379 0.991187935 -0.0643607532 3.24390785 0.00496663937 0.0642179838 0.997923536 -181.928002
0.993697437 -0.112093296 0.000704734457 -17.0222684 0.111898389 0.991557718 -0.0655136786 3.21278333 0.00664485927 0.0651796332 0.997851422 -181.31212
0.993850126 -0.11073249 -0.000491974764 -17.0224787 0.110448624 0.991601319 -0.0672898598 3.17664489 0.00793901657 0.0668216977 0.997733348 -180.663871
0.994273756 -0.106846113 -0.00189924235 -17.025068 0.106457844 0.991893878 -0.0693776792 3.12362434 0.00929658223 0.0687782164 0.997588658 -179.960744
0.994383992 -0.105794013 -0.00284645801 -17.0263852 0.105345741 0.992030374 -0.0691231598 3.06828672 0.0101365893 0.0684351014 0.997604073 -179.227491
0.994319812 -0.106342426 -0.0044046102 -17.0198984 0.105804505 0.992088738 -0.0675673156 3.0146145 0.0115550365 0.0667174929 0.997704995 -178.485051
0.99449206 -0.104598566 -0.0066844995 -16.9993968 0.103937926 0.992410459 -0.0657144434 2.96499894 0.0135074037 0.0646577192 0.99781608 -177.704201
0.994324211 -0.106168928 -0.00689367565 -17.0333362 0.105485022 0.992216258 -0.0661801161 2.90146307 0.013866289 0.0650773122 0.997783879 -176.999139
0.994264849 -0.106625814 -0.00826719905 -17.0503358 0.105834968 0.99210589 -0.0672670934 2.84141106 0.0153743455 0.0660063477 0.997700753 -176.253795
0.994116864 -0.107921984 -0.00919271631 -17.0584434 0.107055452 0.991925894 -0.067986401 2.78807285 0.0164557206 0.0666022973 0.997643896 -175.51672
0.994182375 -0.107255338 -0.00988426382 -17.0626642 0.106381398 0.992145677 -0.0658023894 2.74218941 0.0168642871 0.0643680739 0.997783717 -174.806802
0.994494761 -0.104312118 -0.00995757683 -17.0603963 0.103523329 0.992771484 -0.0607264499 2.70298377 0.0162201029 0.0593612947 0.998104777 -174.133423
0.994388917 -0.105334114 -0.00976759609 -17.0882614 0.104588197 0.99278514 -0.0586427725 2.62662064 0.0158742087 0.0572921478 0.998231245 -173.271655
0.994180853 -0.107372111 -0.00869840218 -17.1046952 0.106719492 0.992696058 -0.0562626626 2.55944108 0.0146759104 0.0550069728 0.99837811 -172.444288
0.994183453 -0.107445085 -0.00740370248 -17.1179657 0.106872041 0.992714895 -0.0556372606 2.49941349 0.0133277159 0.0545223951 0.998423598 -171.655449
0.994212543 -0.107268453 -0.00590745481 -17.1322978 0.106744182 0.992569743 -0.0584036342 2.44378613 0.0121284284 0.0574350393 0.998275572 -170.903064
0.994296698 -0.106544356 -0.00473038582 -17.1502799 0.106036897 0.992360686 -0.0630590562 2.39086363 0.0114128355 0.0621978159 0.997998587 -170.18822
0.994123331 -0.108190992 -0.00367585845 -17.172418 0.107720537 0.992024308 -0.0654527107 2.33462386 0.0107279346 0.0646721013 0.997848902 -169.469336
0.994367392 -0.105973545 -0.00176000325 -17.1109454 0.105662745 0.992477964 -0.0618294114 2.34180665 0.00829904638 0.0612951838 0.99808518 -168.644702
0.99406541 -0.108726319 -0.00354229006 -17.0984099 0.108338395 0.992412739 -0.058135592 2.26594611 0.00983628272 0.0574068151 0.998302412 -167.800085
0.993617976 -0.112660105 -0.00556946683 -17.0866095 0.11218395 0.99215004 -0.0552545022 2.1972258 0.0117507248 0.0542770618 0.99845677 -166.971998
0.992828383 -0.119232505 -0.00868402788 -17.0557252 0.118561617 0.991346324 -0.0563525401 2.13479171 0.0153279336 0.0549188088 0.998373166 -166.110963
0.992567829 -0.121484102 -0.00712169146 -17.0831499 0.120857612 0.9909114 -0.0590595874 2.10713563 0.0142317662 0.0577599358 0.998229055 -165.422455
0.992745166 -0.120074519 -0.0062566616 -17.0982008 0.11947904 0.990982318 -0.0606531453 2.08343275 0.0134831383 0.0594655769 0.998139294 -164.71795
0.992812505 -0.119389121 -0.00834069406 -17.1123105 0.118640539 0.990961424 -0.0626089397 2.01941484 0.0157401323 0.0611693938 0.998003283 -163.904402
0.99278662 -0.119532368 -0.00931348184 -17.1218753 0.118743389 0.991021637 -0.0614501576 1.95904162 0.0165751448 0.0599009798 0.9980667 -163.097342
0.993188892 -0.116019698 -0.0107356392 -17.1311971 0.115207608 0.991630104 -0.058283301 1.90531105 0.017407794 0.0566494998 0.998242357 -162.319661
0.993371078 -0.11430794 -0.0121489007 -17.1329354 0.113471822 0.991994606 -0.0554152317 1.86277364 0.018386045 0.0536693305 0.998389481 -161.597948
0.993266646 -0.115055315 -0.0135515218 -17.1941576 0.114213815 0.992104306 -0.0518097542 1.70459308 0.0194055107 0.0499131298 0.998565023 -159.804739
0.993941034 -0.108969754 -0.0143810328 -17.2117983 0.108128752 0.992875951 -0.050055168 1.63826749 0.019733081 0.0481968823 0.998642912 -158.221808
0.99419798 -0.106665594 -0.0138862345 -17.2009227 0.105829923 0.993067846 -0.0511495931 1.63589568 0.0192458747 0.049383243 0.998594458 -157.437381
0.994166198 -0.106848666 -0.0147286615 -17.2492934 0.105916776 0.992916572 -0.0538360287 1.49245265 0.0203766399 0.0519619476 0.998441159 -155.79694
0.993842955 -0.109615491 -0.0161439011 -17.2650239 0.108626044 0.992671185 -0.0529556601 1.42765842 0.0218303461 0.0508759616 0.99846636 -154.979521
0.993873455 -0.109208292 -0.0170030878 -17.277713 0.108200495 0.992775645 -0.0518572209 1.37764082 0.02254349 0.0496997727 0.998509751 -154.174019
0.994208768 -0.106157359 -0.0167195017 -17.2819257 0.105096319 0.992938417 -0.0550278436 1.34505687 0.022443046 0.0529520065 0.998344828 -153.386815
0.994351813 -0.104778366 -0.0169105337 -17.2838831 0.103584467 0.992780856 -0.0604684192 1.34529682 0.0231242363 0.0583752136 0.998026855 -152.58604
0.994378492 -0.104785242 -0.015214072 -17.3165519 0.103763543 0.992964941 -0.0570416796 1.19900518 0.0210841663 0.0551423533 0.998255868 -151.855804
0.994262002 -0.105477582 -0.0178199601 -17.3366227 0.104362847 0.99302444 -0.0548712825 1.15190798 0.0234833461 0.0526966894 0.998334409 -151.031361
0.994130002 -0.106350394 -0.0198779375 -17.3613716 0.105232611 0.993155076 -0.0506862147 1.09295673 0.0251323734 0.0482968795 0.998516788 -150.26418
0.993963758 -0.10795773 -0.0195237422 -17.362081 0.106849314 0.992969776 -0.0509337678 1.0647792 0.0248851799 0.0485402208 0.998511179 -149.566914
0.993696875 -0.110418895 -0.0193439708 -17.3629242 0.109290329 0.99264913 -0.0519935528 1.02961 0.0249428464 0.049551722 0.998460055 -148.827663
0.993580619 -0.111367349 -0.0198712595 -17.356352 0.110201352 0.992527188 -0.0523969727 1.00556346 0.0255580772 0.0498707769 0.998428611 -148.139423
0.993203617 -0.114553001 -0.020595745 -17.3856046 0.113353206 0.992183386 -0.0521840985 0.929378899 0.0264126011 0.0494948417 0.998425077 -147.250727
0.992736208 -0.118298427 -0.0219158128 -17.4037762 0.117135539 0.99193754 -0.0483650954 0.869431165 0.0274606322 0.0454466609 0.998589262 -146.426497
0.992600236 -0.119286212 -0.0227062127 -17.4176438 0.118241723 0.992060886 -0.042826306 0.817883396 0.0276345333 0.0398245797 0.998824477 -145.629558
0.992896359 -0.116817035 -0.022596473 -17.4335978 0.115909583 0.99253282 -0.0379943385 0.765497871 0.0268661271 0.0351052926 0.999022437 -144.884934
0.992934244 -0.116071682 -0.0246769632 -17.4566092 0.114820234 0.99226417 -0.047203085 0.734833146 0.0299650078 0.0440361448 0.998580451 -144.082506
0.993094425 -0.114343388 -0.0262498204 -17.475872 0.112607878 0.991819873 -0.0601066232 0.708246938 0.0329078885 0.0567356158 0.997846752 -143.353662
0.993392728 -0.111839823 -0.0257437713 -17.5031014 0.110096983 0.992027425 -0.0613208117 0.64191904 0.0323966359 0.0580813369 0.997786057 -142.613082
0.99402032 -0.105912483 -0.0265734861 -17.5254086 0.104202164 0.992798246 -0.0591062763 0.601537344 0.0326422029 0.0559838249 0.99789794 -141.869436
0.994548006 -0.100540934 -0.0276728155 -17.5388165 0.0988711693 0.993509798 -0.0562385405 0.58056132 0.0331474887 0.0531958847 0.998033788 -141.107635
0.994561476 -0.100454613 -0.0275016575 -17.588329 0.0990467868 0.993900281 -0.0484970753 0.513581355 0.0322056601 0.045509372 0.998444637 -140.491401
0.994328946 -0.102142445 -0.0296119447 -17.6023134 0.100407183 0.993418104 -0.0551259361 0.452823953 0.0350477398 0.051840062 0.998040212 -139.738028
0.994321264 -0.101571873 -0.0317549767 -17.6243576 0.0996324594 0.993353819 -0.0576330103 0.377964685 0.0373978201 0.0541419012 0.99783268 -139.032788
0.99418655 -0.101723476 -0.0352907724 -17.6688675 0.0994508404 0.993165953 -0.0610812665 0.256177344 0.0412629923 0.0572164766 0.997508717 -137.689125
0.994078281 -0.100848726 -0.0404710549 -17.7050855 0.0978924304 0.992776327 -0.0693702917 0.185239122 0.0471746108 0.0649976904 0.996769711 -136.36265
0.994842682 -0.0921696016 -0.0423415106 -17.7854543 0.0900914041 0.994746093 -0.048618411 0.107915965 0.0466001919 0.0445530642 0.997919559 -135.177505
0.995337077 -0.0861378593 -0.0434093612 -17.8521539 0.0838020675 0.995070446 -0.053028497 0.0818689434 0.0477631336 0.0491434349 0.997649039 -133.970493
0.995629366 -0.0819306671 -0.0448278042 -17.9065605 0.079537073 0.995432467 -0.0528020627 0.0868711075 0.0489491599 0.0490058119 0.997598321 -132.861768
0.995435237 -0.0829503005 -0.0472010232 -17.9767048 0.0803202305 0.995243407 -0.0551291426 -0.0980365285 0.0515494861 0.0510862941 0.997362943 -131.722155
0.994221951 -0.0961524829 -0.0477222418 -18.0231273 0.0926206026 0.993138323 -0.0713981418 -0.265265887 0.0542598958 0.066565537 0.996305622 -130.726394
0.994096691 -0.0991860041 -0.0439761904 -18.0698747 0.0952582976 0.991913691 -0.0838634955 -0.406204086 0.0519386703 0.0791793264 0.995506408 -129.824687
0.994807619 -0.0955168606 -0.0351330462 -18.1005132 0.0927297245 0.992947872 -0.073862856 -0.502363072 0.0419404316 0.0702214542 0.99664936 -128.945669
0.994338597 -0.103864891 -0.0224240516 -18.093743 0.102177415 0.992540922 -0.0665003338 -0.579424898 0.0291638388 0.063832617 0.997534394 -128.11629
0.995462703 -0.0951367585 0.00173319039 -18.0746769 0.09500308 0.992713609 -0.0741222268 -0.611316637 0.0053311867 0.0739505706 0.997247658 -127.310566
0.996063809 -0.0750482087 0.0471662552 -17.9962089 0.0766156629 0.996535731 -0.0323508293 -0.31759071 -0.0445749868 0.0358371641 0.998363044 -126.394131
0.990926598 -0.090111278 0.0997217914 -17.9187322 0.0945760611 0.994673817 -0.0409800656 -0.562776419 -0.0954978889 0.0500395312 0.994171111 -125.78971
0.981117113 -0.0991690685 0.166056338 -17.7848018 0.108599228 0.992892775 -0.0486841389 -0.80143709 -0.160048178 0.065798432 0.984913777 -125.194543
0.963102284 -0.10598277 0.24738966 -17.5759043 0.123767524 0.990647587 -0.0574365522 -0.982673879 -0.238988685 0.0859360802 0.967212179 -124.611121
0.931495489 -0.100184461 0.349684468 -17.3597108 0.120360115 0.992063047 -0.0363916725 -1.02430579 -0.343263159 0.0759867415 0.936160466 -124.011666
0.88251625 -0.0986882136 0.45981051 -17.0567538 0.122480202 0.992224476 -0.0221176052 -1.03155682 -0.454052495 0.0758368301 0.887741576 -123.443363
0.851749014 -0.0991592033 0.514481359 -16.8919788 0.127595333 0.99162224 -0.0201187624 -1.01722167 -0.508176197 0.0827815566 0.857265517 -123.172322
0.814649735 -0.0927524334 0.572488249 -16.6542136 0.111601266 0.993750642 0.002195413 -0.80173025 -0.569114195 0.062101921 0.819909986 -122.743899
0.774912511 -0.0906727217 0.625531021 -16.4119481 0.105282821 0.994347825 0.0137087504 -0.711648006 -0.62323842 0.0552345881 0.78007885 -122.422229
0.732623758 -0.0926388627 0.674299986 -16.177014 0.105974089 0.994137737 0.0214394989 -0.733425754 -0.672333193 0.0557512406 0.738146244 -122.222191
0.68832352 -0.0975994064 0.718808102 -15.9625489 0.113972961 0.993151122 0.0257101865 -0.873185954 -0.716394372 0.0642277615 0.694732969 -122.134549
0.642418658 -0.102664756 0.759445993 -15.741945 0.126556804 0.991592052 0.0269921808 -0.980047871 -0.755831756 0.0787727775 0.650010158 -122.080188
0.597514381 -0.111975144 0.794001342 -15.502661 0.158570667 0.987147395 0.0198837423 -1.0616172 -0.786022842 0.1140245 0.607590738 -122.065777
0.546048997 -0.107127548 0.830875551 -15.2186615 0.13858619 0.989676652 0.0365238613 -0.991397043 -0.826210845 0.0952040588 0.555258342 -121.901469
0.497685025 -0.103792971 0.861125214 -14.9278866 0.128039283 0.990728761 0.0454143574 -0.967260052 -0.857855208 0.0876558094 0.506360446 -121.771098
0.450061895 -0.104255458 0.886890687 -14.6389862 0.127337533 0.990505012 0.0518167376 -1.00355837 -0.883871848 0.0896137328 0.459064196 -121.686386
0.404328332 -0.103644657 0.908722391 -14.3607988 0.126920799 0.990303714 0.0564771093 -1.01386293 -0.90576471 0.0925004766 0.413562512 -121.60259
0.3612421 -0.107236157 0.926285351 -14.0843382 0.135462983 0.988862414 0.0616514906 -1.01299011 -0.922580038 0.103206263 0.371745264 -121.537935
0.320861965 -0.116812439 0.939894916 -13.8078835 0.157433842 0.985137659 0.0686904454 -1.0111673 -0.933949776 0.125931116 0.334483436 -121.49075
0.256180881 -0.123232312 0.958741443 -13.220561 0.179491898 0.980655367 0.0780878264 -0.994356772 -0.949817885 0.152081713 0.273344358 -121.356792
0.193792613 -0.103513044 0.975566232 -12.5973161 0.126251597 0.988780456 0.0798357353 -0.896357883 -0.972884863 0.107695219 0.204687036 -121.164329
0.166277874 -0.0988311279 0.981113692 -12.2440489 0.113451435 0.990274849 0.0805263626 -0.844466144 -0.979530725 0.0979190038 0.17587333 -121.092765
0.141810156 -0.0964533549 0.985183551 -11.8993663 0.116031583 0.990000473 0.0802230306 -0.807556642 -0.983069963 0.102935966 0.151583757 -121.053822
0.121533541 -0.0907511478 0.988429981 -11.5709192 0.125172374 0.989262932 0.0754369111 -0.776124281 -0.984663128 0.114556013 0.131588164 -121.035148
0.103691969 -0.0874296314 0.990759322 -11.2664461 0.140358733 0.9874466 0.0724474827 -0.762474164 -0.984655981 0.131549501 0.114661795 -121.028724
0.0877567651 -0.0890924752 0.992149828 -10.9638633 0.145683537 0.986431377 0.0756931009 -0.74790686 -0.985431407 0.137897314 0.0995453335 -121.009457
0.0751377528 -0.0973271652 0.992412082 -10.67896 0.156084207 0.984105921 0.0846950823 -0.741387536 -0.984881738 0.148536055 0.0891347408 -120.99674
0.0465683287 -0.102684263 0.993623335 -9.78019643 0.15411199 0.983531712 0.0944185669 -0.679836788 -0.986955361 0.148732355 0.0616263042 -120.956473
0.0261081879 -0.107551789 0.993856617 -8.8161265 0.173734813 0.979554045 0.101440074 -0.62916345 -0.98444633 0.170019077 0.0442598709 -120.945503
0.0101464923 -0.101496567 0.994784145 -8.04305632 0.160541167 0.982095502 0.0985644903 -0.517837915 -0.986976992 0.158703724 0.0262592018 -120.91648
-0.00125671579 -0.099912185 0.994995465 -7.20604879 0.161760083 0.981871933 0.0987986981 -0.434264462 -0.986829315 0.161074711 0.0149278694 -120.902995
-0.00629108843 -0.105550612 0.994394032 -6.38873243 0.182655292 0.977562743 0.104919622 -0.384364235 -0.983156888 0.182291391 0.0131294442 -120.898329
-0.0104585761 -0.10382177 0.994540928 -5.79114182 0.174543579 0.979136511 0.104049175 -0.317628456 -0.984593905 0.174678939 0.00788104966 -120.910033
-0.0134144116 -0.103869496 0.994500468 -5.23919796 0.174360094 0.979109036 0.104613827 -0.26092386 -0.98459058 0.174804529 0.0049765234 -120.914689
-0.0143652702 -0.10473435 0.994396478 -4.70504922 0.181485556 0.977707511 0.105598373 -0.204954483 -0.983288682 0.181985547 0.00496273933 -120.91315
-0.0104061273 -0.107726504 0.994126105 -3.55647956 0.197311499 0.974411846 0.107655588 -0.0937106895 -0.980285614 0.19727279 0.0111158243 -120.888142
-0.0078492706 -0.105177807 0.994422454 -3.04190334 0.191001986 0.975986027 0.104735463 -0.0335717069 -0.981558266 0.19075876 0.0124283916 -120.897418
0.000350385196 -0.10708746 0.994249543 -1.86146433 0.19336215 0.975492834 0.104999091 0.0826315249 -0.98112739 0.192213439 0.0210484597 -120.870224
0.0100317444 -0.113079667 0.99353528 -0.645726741 0.198873056 0.973962272 0.108843931 0.190969191 -0.979973914 0.196495503 0.0322590395 -120.804398
0.0183569344 -0.1132211 0.993400224 0.603910107 0.194547835 0.974981599 0.10752684 0.32032607 -0.980721246 0.191289999 0.0399245931 -120.768516
0.0205092954 -0.10620738 0.994132467 1.22192981 0.186433936 0.977307186 0.100563667 0.404409606 -0.982253407 0.183277539 0.0398445415 -120.732278
0.0232597343 -0.0986302723 0.994852278 2.4086919 0.181333506 0.979031258 0.0928221732 0.511931179 -0.983146553 0.178241032 0.0406569799 -120.649837
0.0236924141 -0.100814802 0.994623067 3.79641317 0.175036185 0.979952662 0.0951583639 0.621402481 -0.984276894 0.171840495 0.0408636825 -120.593521
0.0252959222 -0.105198409 0.994129474 4.4557364 0.18560951 0.977650832 0.098731756 0.646444144 -0.982297931 0.182022374 0.0442564046 -120.553052
0.0257235672 -0.105437724 0.994093147 5.70467075 0.181632024 0.978363463 0.0990693818 0.753924459 -0.983030064 0.178010732 0.0443178655 -120.47267
0.0262311625 -0.105399481 0.994083938 6.26405991 0.182156827 0.978281272 0.0989173546 0.791374383 -0.982919537 0.178484459 0.0448606901 -120.415701
0.0253902765 -0.103769559 0.994277231 6.96167163 0.176907174 0.979366824 0.0976958323 0.864654606 -0.983899988 0.173414251 0.0432239739 -120.400945
0.0232647585 -0.104294004 0.994274364 7.52900685 0.175455293 0.979533122 0.0986422959 0.918836878 -0.984212473 0.172155811 0.0410875365 -120.373013
0.0194026202 -0.105620911 0.99421716 8.2541222 0.169249063 0.980399929 0.100850058 0.984581638 -0.985382308 0.166313567 0.0368985677 -120.352564
0.015470631 -0.108092056 0.994020506 8.77942034 0.166436586 0.980548432 0.104036704 1.03558039 -0.98593079 0.163831866 0.0331601757 -120.337852
0.00941637829 -0.110488426 0.993832803 9.49144891 0.163535651 0.980665687 0.107475115 1.08839304 -0.986492485 0.161515068 0.0273031158 -120.309842
0.00273222502 -0.110172552 0.99390872 10.0178145 0.164244157 0.980464156 0.10823075 1.13322868 -0.986415933 0.162947989 0.0207740465 -120.291297
-0.00680541502 -0.108780603 0.994042487 10.7928163 0.159020165 0.981298039 0.108474629 1.20539185 -0.987251879 0.158811015 0.010620169 -120.292556
-0.0174103973 -0.106984979 0.994108189 11.4352651 0.154695639 0.981998295 0.108390999 1.27820009 -0.987808755 0.155671332 -0.000546870679 -120.304806
-0.0279405846 -0.107463445 0.993816347 12.0638914 0.153383516 0.981969659 0.110494728 1.34161167 -0.987771644 0.155522333 -0.0109536853 -120.317068
-0.0384169158 -0.108497193 0.993354166 12.6627033 0.151189195 0.982012712 0.113105526 1.40060729 -0.987758051 0.154529582 -0.0213222964 -120.330308
-0.0493675854 -0.109601283 0.992748911 13.2163537 0.152802331 0.981431079 0.115950354 1.4584719 -0.987022943 0.157418536 -0.0317035512 -120.344732
-0.059504583 -0.110302013 0.992115251 13.6926154 0.156615657 0.98053611 0.118408074 1.50265757 -0.985865478 0.162426605 -0.0410713701 -120.350582
-0.0704451714 -0.110515588 0.991374693 14.3112978 0.158543106 0.979970113 0.120510005 1.5605359 -0.984835804 0.165664971 -0.0515126781 -120.35955
-0.0803305239 -0.109472996 0.990738447 14.8021667 0.159886404 0.979665088 0.121213254 1.61900507 -0.983861446 0.168142731 -0.0611937662 -120.380144
-0.100272913 -0.108201055 0.989059086 16.0409577 0.157353784 0.979834251 0.123144738 1.75521051 -0.982438359 0.167980271 -0.081224989 -120.493205
-0.117785734 -0.107866601 0.987163268 17.0539844 0.156606606 0.979625756 0.125728872 1.875132 -0.980612508 0.169405357 -0.0984933167 -120.631933
-0.13551344 -0.10932602 0.984725306 18.3288526 0.171077215 0.976382972 0.131942711 1.94307433 -0.975893792 0.186344074 -0.113609824 -120.652548
-0.144876726 -0.113002567 0.982975663 19.3279423 0.162275006 0.977291339 0.136266142 2.12011472 -0.976052026 0.179254174 -0.123249277 -120.846977
-0.149172887 -0.114144872 0.982200793 20.5296937 0.16183405 0.97710262 0.13813113 2.26846568 -0.975477929 0.179558952 -0.127284691 -121.01552
-0.150161206 -0.113489015 0.982126191 21.0078506 0.164722375 0.976632834 0.138039297 2.31877017 -0.974842629 0.182506306 -0.127958184 -121.069643
-0.147071885 -0.111118203 0.98286449 21.9712975 0.163849353 0.977204911 0.134996114 2.44479762 -0.975460532 0.180895843 -0.125512722 -121.172888
-0.132749901 -0.110380071 0.984984113 22.9108552 0.167167361 0.977049447 0.132020646 2.55579918 -0.976950632 0.182182923 -0.111251273 -121.287361
-0.10662514 -0.111860906 0.987986952 23.5578965 0.175499376 0.975933498 0.129436376 2.60264669 -0.978688433 0.187192265 -0.0844275269 -121.305795
-0.0698748963 -0.106285303 0.991877479 24.6032592 0.175059695 0.977571105 0.117084743 2.726822 -0.982075151 0.181819053 -0.0497014069 -121.386181
-0.0176123147 -0.101015939 0.994728901 25.5055145 0.177321899 0.978796702 0.102537603 2.80959195 -0.9839953 0.178193143 0.000673462583 -121.393719
0.053216042 -0.1036942 0.993184558 26.3439062 0.183008486 0.97876114 0.0923824937 2.87451824 -0.981669979 0.176844971 0.0710627124 -121.331264
0.140782429 -0.111850333 0.983702094 27.1240591 0.188601348 0.978432354 0.0842594821 2.91727408 -0.971910407 0.173665287 0.158841207 -121.187449
0.189461248 -0.115266269 0.975099032 27.4670727 0.190852305 0.978468323 0.0785820455 2.92594521 -0.963161374 0.171211646 0.207380663 -121.073276
0.241286385 -0.117042803 0.963370055 27.7584775 0.196681479 0.977996911 0.0695588751 2.91505239 -0.950314304 0.172693437 0.258997491 -120.919068
0.295766808 -0.118194442 0.947919864 28.010308 0.212647004 0.975563459 0.0552918606 2.85281946 -0.931291172 0.185218822 0.313672984 -120.697876
0.352643944 -0.118780415 0.928188268 28.2751341 0.236996585 0.970908121 0.0342058401 2.74098825 -0.905248511 0.207914967 0.370535422 -120.419196
0.413500057 -0.114462726 0.90328068 28.6163467 0.22554945 0.974022779 0.0201760011 2.83639149 -0.882125359 0.195391683 0.42857548 -120.344354
0.473983631 -0.111075788 0.873499678 28.9655099 0.223024209 0.974808474 0.00293966323 2.86437335 -0.851821413 0.193418222 0.486815849 -120.186223
0.532896557 -0.107030818 0.839384098 29.2962841 0.217287307 0.976014392 -0.0134956563 2.87134194 -0.817806509 0.189579299 0.543371147 -119.980945
0.590612952 -0.103936527 0.800233428 29.5930394 0.209823941 0.977340436 -0.0279210613 2.88124522 -0.779198469 0.184398672 0.599038292 -119.769049
0.644154863 -0.103592209 0.75784772 29.8138859 0.208803765 0.9769702 -0.0439342347 2.84642112 -0.735843394 0.186541908 0.650950548 -119.50456
0.694047811 -0.106485625 0.712010145 29.9259215 0.212383107 0.975270204 -0.0611673497 2.76213076 -0.687888836 0.193671992 0.699499899 -119.200884
0.739851243 -0.110440167 0.663643811 30.0889912 0.216958212 0.972900007 -0.0799669381 2.62654378 -0.636827506 0.203146613 0.74376218 -118.88931
0.782179187 -0.116056855 0.612149105 30.3084489 0.218257465 0.971282031 -0.0947359196 2.54262901 -0.583574673 0.207706576 0.785046864 -118.52936
0.820381834 -0.118980987 0.559300609 30.4851044 0.21338253 0.971158269 -0.106393201 2.46698768 -0.530510643 0.206628028 0.822109065 -118.201901
0.853056067 -0.122964446 0.507124335 30.6377441 0.208857768 0.971057126 -0.115872738 2.38225454 -0.478198472 0.204762799 0.854048252 -117.877453
0.880120824 -0.123181872 0.458490525 30.7819854 0.202653397 0.970824532 -0.128184746 2.26209386 -0.429323813 0.205732727 0.879406111 -117.539056
0.902742507 -0.121189378 0.412757919 30.9040465 0.190320419 0.973000577 -0.130568051 2.24868288 -0.385790232 0.19642559 0.901433794 -117.202296
0.920188311 -0.115377073 0.374087694 31.0190115 0.17718893 0.974847857 -0.135187792 2.19852983 -0.349081014 0.190682424 0.917487143 -116.842551
0.933809574 -0.111270524 0.340027277 31.1159129 0.168883126 0.974947988 -0.144758109 2.12719977 -0.315401599 0.192601378 0.92920748 -116.482506
0.944224181 -0.110008201 0.310385071 31.2151642 0.164702931 0.973952519 -0.155850684 2.02218944 -0.285155468 0.198279315 0.937748192 -116.102786
0.949729269 -0.117328074 0.290255817 31.3384575 0.172999191 0.969392705 -0.174209827 1.85839567 -0.260932168 0.215666193 0.940958286 -115.665441
0.954601794 -0.118562063 0.273273585 31.4246293 0.166559303 0.97301693 -0.159674835 1.90536905 -0.246968447 0.197942142 0.948591321 -115.358394
0.958919305 -0.113696252 0.259897919 31.5154498 0.156776 0.975945402 -0.151498709 1.91315155 -0.236421344 0.186020793 0.95367773 -114.989712
0.96215521 -0.108076058 0.250153787 31.60682 0.148817148 0.977404603 -0.15011229 1.86638452 -0.228277918 0.181658494 0.956498502 -114.58974
0.964362452 -0.100389095 0.244800105 31.6943254 0.141119266 0.97779217 -0.154944585 1.77081558 -0.223808879 0.183968752 0.95711289 -114.194737
0.965279802 -0.0949525664 0.243349367 31.7849145 0.138586878 0.975830155 -0.168965043 1.60776903 -0.221423986 0.196823572 0.955108318 -113.807395
0.965355562 -0.0938461205 0.243478017 31.883006 0.139463184 0.974196521 -0.177457485 1.46395795 -0.220541741 0.205265789 0.953534109 -113.425619
0.964272012 -0.0956897244 0.247028263 31.9859933 0.144599953 0.971438359 -0.188144539 1.30588215 -0.221969232 0.217142788 0.950567551 -113.045462
0.963113145 -0.0963944993 0.25123927 32.1033706 0.146316708 0.971153169 -0.188289518 1.2757312 -0.225841739 0.218104612 0.949434509 -112.60388
0.961987233 -0.0958060025 0.255737703 32.2228281 0.147255963 0.970618908 -0.190301386 1.21146602 -0.229991835 0.220726406 0.947831003 -112.156909
0.961294969 -0.091137952 0.260011261 32.3394632 0.143293389 0.97141152 -0.18927933 1.12060939 -0.235327403 0.219211162 0.946872473 -111.706127
0.96008512 -0.0886341121 0.265293339 32.4589583 0.141298573 0.972234971 -0.18653116 1.00802141 -0.241394438 0.216571361 0.945952203 -111.25159
0.958367071 -0.0927197221 0.270065936 32.5978647 0.146836662 0.97120131 -0.187635313 0.867423653 -0.244890897 0.219479086 0.944382009 -110.778292
0.956933318 -0.0977135161 0.273369152 32.739006 0.151925878 0.970970967 -0.184753646 0.740436284 -0.247380581 0.218328767 0.943999681 -110.323657
0.954383983 -0.105285753 0.279403155 33.0258811 0.160260622 0.970182739 -0.18182955 0.515864866 -0.251928057 0.218312534 0.942800027 -109.390448
0.953869196 -0.108333744 0.279995281 33.1690637 0.163720079 0.969449149 -0.182658378 0.434833433 -0.251653121 0.22007305 0.942464089 -108.907271
0.953702199 -0.108584376 0.280466661 33.3145448 0.165714112 0.96794197 -0.188751623 0.342315387 -0.250979975 0.226490122 0.94112235 -108.416316
0.953976951 -0.105970315 0.280532119 33.4571289 0.16478617 0.966830133 -0.195153819 0.240967731 -0.250546394 0.232400058 0.939796104 -107.92107
0.954906674 -0.102846781 0.278524297 33.6005457 0.162291875 0.966348453 -0.199579595 0.131407816 -0.248625405 0.235782118 0.939463784 -107.417741
0.955519479 -0.104813471 0.275674919 33.7504021 0.162858156 0.966802943 -0.196899189 0.0091068513 -0.245885636 0.233036919 0.940868773 -106.90786
0.956524672 -0.109398778 0.270356172 34.0578136 0.163634081 0.96863877 -0.186983478 -0.24995226 -0.241421706 0.223093794 0.94442825 -105.858884
0.95813758 -0.10129882 0.267788958 34.3594039 0.157890422 0.967184406 -0.199060139 -0.530987614 -0.238836748 0.233008312 0.94268984 -104.784355
0.960177961 -0.100223731 0.260793956 34.6520016 0.156002865 0.966701522 -0.202857768 -0.733776144 -0.231778752 0.235464162 0.943840685 -103.662855
0.961079352 -0.102111377 0.256709457 34.8083253 0.156363276 0.967089488 -0.200719826 -0.84575231 -0.227765239 0.233047612 0.945416208 -103.076068
0.961993482 -0.107243819 0.251132045 35.1167176 0.15940825 0.967238371 -0.197582752 -1.11641221 -0.221715021 0.23010584 0.947572558 -101.918726
0.961854905 -0.111320299 0.24988584 35.2682183 0.16341171 0.966383845 -0.198491505 -1.28290822 -0.219389505 0.2317543 0.947712082 -101.372218
0.961031753 -0.118249665 0.24986994 35.4308941 0.172056534 0.963337696 -0.205856825 -1.47688919 -0.216366631 0.240826701 0.946143742 -100.834389
0.962348236 -0.109234245 0.248905108 35.7355789 0.16036271 0.967522228 -0.195408649 -1.66120886 -0.219475908 0.227966266 0.948610409 -99.5537196
0.963558555 -0.0938149786 0.250506808 36.0477877 0.1455544 0.969588415 -0.196754218 -1.88728798 -0.224430006 0.226046578 0.947910395 -98.2675636
0.962859149 -0.0856037473 0.256074713 36.3678481 0.137815342 0.971378265 -0.193471438 -2.16527594 -0.23218353 0.221576768 0.947097959 -97.0121282
0.961279855 -0.0874050408 0.261345363 36.7034287 0.14257108 0.969321733 -0.200222038 -2.47740256 -0.235827325 0.229729703 0.944250886 -95.8141822
0.959372432 -0.101576751 0.263223669 37.0536356 0.158409718 0.96594174 -0.204604292 -2.81226047 -0.23347569 0.237988905 0.942788621 -94.6656647
0.958470813 -0.102597618 0.266096656 37.4031871 0.161856043 0.963916503 -0.211347098 -3.16671907 -0.234811249 0.245639376 0.940491879 -93.5422859
0.958924934 -0.0960628351 0.266898676 37.7206561 0.151515765 0.968899679 -0.195643513 -3.4310289 -0.239803971 0.2280468 0.943657095 -92.3047673
0.957624673 -0.0992615264 0.270374064 38.0619364 0.160230571 0.963663448 -0.213726282 -3.69511706 -0.239334806 0.247991752 0.938732625 -91.0955385
0.957504251 -0.104063077 0.268991607 38.4049016 0.164725796 0.962876165 -0.213857204 -3.97552811 -0.236750969 0.249079038 0.939099894 -89.9042831
0.957995967 -0.115647914 0.262429585 38.7460169 0.166501818 0.969354283 -0.180636148 -4.28143063 -0.233497049 0.216743704 0.947893082 -88.7210738
0.959277016 -0.102753126 0.263114808 39.0457475 0.159598606 0.965718413 -0.20473454 -4.57980265 -0.2330577 0.238389895 0.942790733 -87.6308694
0.95930884 -0.10726492 0.261191094 39.3562264 0.166766313 0.961695091 -0.217558152 -4.88822375 -0.227849835 0.252263334 0.940450776 -86.5654566
0.960987116 -0.107529116 0.254835736 39.6667586 0.165157485 0.962136654 -0.216831878 -5.17375586 -0.221871062 0.25046067 0.942360167 -85.3924573
0.963505485 -0.101828269 0.247564505 39.9591235 0.158465597 0.962334205 -0.220910689 -5.47350292 -0.215744838 0.252079118 0.943350562 -84.2683083
0.9650771 -0.0962535326 0.243642051 40.2485417 0.152747607 0.962345308 -0.22485479 -5.78199439 -0.212824717 0.254217949 0.943439916 -83.1893184
0.965654413 -0.0982888821 0.240522035 40.5302428 0.152044144 0.964409273 -0.216326911 -6.05081072 -0.210699151 0.245467003 0.94623032 -81.975302
0.966651614 -0.103924712 0.234060487 40.8218712 0.157605798 0.961794821 -0.223855166 -6.32294245 -0.201854081 0.253279247 0.946099653 -80.815266
0.969143764 -0.109782233 0.220699404 41.1117898 0.160276356 0.960889625 -0.225837594 -6.59914019 -0.187274812 0.254241992 0.948835683 -79.6862195
0.971102939 -0.115395425 0.208909017 41.3667428 0.159598932 0.964814802 -0.208951141 -6.86859006 -0.177446506 0.236254723 0.955351476 -78.4922702
0.97397465 -0.105556641 0.200577112 41.5944896 0.148329772 0.965965983 -0.211915073 -7.13932426 -0.171381623 0.236151466 0.956483572 -77.3351572
0.976061005 -0.107467798 0.189091479 41.820692 0.150389034 0.961548027 -0.229801065 -7.41429827 -0.157124325 0.252737143 0.954691512 -76.2084737
0.979312413 -0.102217973 0.174638726 42.0169498 0.14134875 0.963132648 -0.228901797 -7.72164239 -0.144802381 0.248851337 0.95765614 -75.0903884
0.9810946 -0.0977225517 0.16704397 42.0994038 0.135709821 0.962758177 -0.23383656 -7.89484845 -0.137971842 0.252085294 0.957818759 -74.5907714
0.982672988 -0.0976784212 0.157520555 42.2057823 0.13497788 0.95956399 -0.247018057 -8.06476781 -0.127022719 0.263999762 0.956122039 -74.130691
0.984030506 -0.0960528039 0.149859342 42.263286 0.131049237 0.960686063 -0.244761897 -8.20964754 -0.120457714 0.260492126 0.957932039 -73.4706061
0.985347332 -0.095120613 0.14157226 42.3418258 0.127556228 0.961995184 -0.2414429 -8.35409782 -0.113225636 0.255963541 0.960032615 -72.8356908
0.986758496 -0.0926850784 0.13310577 42.4152169 0.122343901 0.964108036 -0.235643088 -8.51198993 -0.106487744 0.248807499 0.96268125 -72.2388835
0.988111417 -0.0902675641 0.124449161 42.4833202 0.117475016 0.965492523 -0.232430225 -8.68103097 -0.0991738238 0.244286626 0.964618369 -71.6904387
0.988922736 -0.0917857555 0.116649893 42.5490311 0.116903805 0.965888892 -0.23106741 -8.84128964 -0.0914621392 0.242144632 0.96591959 -71.1298236
0.989706507 -0.091265463 0.110234504 42.6097426 0.114794628 0.966233694 -0.230682989 -8.99944597 -0.0854589019 0.240962784 0.966764559 -70.5680948
0.990034314 -0.0924023386 0.106272596 42.6671116 0.115229185 0.965357035 -0.234111149 -9.15946062 -0.080958581 0.244023775 0.966384036 -70.0219788
0.991671927 -0.0817920201 0.099482941 42.7687678 0.104392849 0.962867955 -0.248972759 -9.47835692 -0.075424951 0.257284603 0.963387622 -68.928362
0.992409167 -0.0809064456 0.0926185296 42.8883395 0.101889565 0.962655091 -0.250826019 -9.79745257 -0.0688662575 0.258358902 0.96359126 -67.8687906
0.993363993 -0.0767967025 0.085616839 42.9637795 0.0947668959 0.96834112 -0.230943088 -10.1150895 -0.0651706381 0.237524191 0.969192987 -66.6085611
0.992846519 -0.0915626229 0.0766294744 43.0681144 0.107755364 0.96357242 -0.244779439 -10.4145983 -0.0514254006 0.251285651 0.966545886 -65.4226772
0.993883746 -0.0909005018 0.0627072441 43.1681447 0.103933163 0.961878793 -0.252956686 -10.7038424 -0.0373228786 0.257926901 0.965443275 -64.2760374
0.993641119 -0.103227678 0.044959691 43.3037137 0.111306518 0.96077732 -0.254003544 -11.0071545 -0.0169760552 0.257392672 0.966157764 -63.2341448
0.992937249 -0.113686773 0.033925462 43.3004984 0.11855206 0.961817816 -0.246681776 -11.3483395 -0.00458565877 0.248961458 0.968502537 -62.0202591
0.991975133 -0.124369515 0.0227499138 43.3219253 0.125953148 0.956416103 -0.263446469 -11.6723421 0.0110063255 0.26419777 0.964405723 -60.838736
0.991350644 -0.130919016 0.00917127647 43.3421872 0.128724163 0.956353535 -0.262331862 -12.0018011 0.0255732467 0.261243425 0.964934133 -59.6765106
0.99256026 -0.121737334 0.00203747672 43.3394088 0.118307266 0.960370009 -0.252374399 -12.1679846 0.0287666549 0.250737847 0.967627517 -59.1452619
0.99324016 -0.116034322 -0.00316568667 43.3174748 0.111779112 0.963457248 -0.243424652 -12.3406824 0.0312956183 0.241425283 0.969914644 -58.4743061
0.993210498 -0.11616027 -0.00630073453 43.3054661 0.111048545 0.962854034 -0.246130718 -12.5041946 0.0346572984 0.243759926 0.969216163 -57.858805
0.993444326 -0.114122145 -0.00667131923 43.2885328 0.10860134 0.960387492 -0.256635178 -12.6747163 0.0356948084 0.254228247 0.966485323 -57.2997641
0.994617595 -0.10327724 -0.00834578239 43.2667288 0.0973445197 0.958992814 -0.266189457 -12.843016 0.0354948578 0.263944301 0.963884599 -56.7402821
0.994409178 -0.1051034 -0.0101814572 43.2587947 0.0984349086 0.95755979 -0.27090555 -13.0129099 0.0382224484 0.268388754 0.962552087 -56.1938546
0.993665918 -0.111533207 -0.0137254019 43.2721766 0.103766256 0.957560761 -0.268905101 -13.179694 0.0431347545 0.2657776 0.963068876 -55.6742786
0.993719483 -0.110972249 -0.014378801 43.2489033 0.103500602 0.960353996 -0.258858703 -13.3606829 0.0425348714 0.255744721 0.965808171 -55.0254757
0.993875214 -0.109520586 -0.0147411372 43.2367595 0.102236424 0.961901562 -0.253560839 -13.5348505 0.0419496546 0.250500752 0.967207113 -54.4234563
0.993372649 -0.113575227 -0.0176478699 43.2332438 0.104867735 0.958440335 -0.265320338 -13.8702418 0.0470482479 0.261711275 0.963998792 -53.2871481
0.990293159 -0.137289982 -0.0217007017 43.306029 0.125395461 0.949801352 -0.286624092 -14.1759421 0.0599619723 0.281120708 0.957797322 -52.2182936
0.991358479 -0.128679893 -0.0254921961 43.2441098 0.117040081 0.955398408 -0.271137423 -14.5439027 0.0592451382 0.265810774 0.962203017 -51.0504766
0.991397805 -0.127941904 -0.0275909639 43.2235053 0.115948669 0.956327496 -0.26831628 -14.7212205 0.0607148931 0.262809035 0.962935674 -50.4991915
0.991110185 -0.129945062 -0.0285461391 43.226535 0.117267671 0.954585349 -0.273888856 -14.8820859 0.0628402306 0.268106496 0.961337616 -49.9926046
0.991304038 -0.12878301 -0.0270414797 43.1886775 0.116256584 0.953366358 -0.27852647 -15.0611107 0.0616499141 0.272960665 0.960047792 -49.391386
0.992084372 -0.122501684 -0.0276032062 43.1703754 0.109998008 0.953811786 -0.279541614 -15.2300196 0.0605725818 0.274292569 0.959736708 -48.8431227
0.992106777 -0.121811593 -0.0297670942 43.1975258 0.10870328 0.953794457 -0.280106641 -15.3759393 0.0625119254 0.274659916 0.959507264 -48.3461939
0.99301153 -0.114419819 -0.0289172251 43.0963428 0.102381849 0.957070743 -0.271170701 -15.5831062 0.0587031326 0.266315034 0.962096796 -47.5792981
0.993562388 -0.109591864 -0.0286950125 43.049647 0.0980772295 0.958892461 -0.266282002 -15.7615114 0.056697772 0.261753454 0.963467951 -46.9080081
0.993917442 -0.106245124 -0.0289843305 43.0189895 0.0947804768 0.959267169 -0.26612621 -15.937447 0.0560783288 0.261760334 0.963502335 -46.3178876
0.993669357 -0.108509149 -0.0291028212 43.0052201 0.0967017645 0.957975239 -0.270059642 -16.1070004 0.057183724 0.265535697 0.962403665 -45.7762769
0.993779476 -0.107272391 -0.0299163244 43.005524 0.0948697748 0.956152599 -0.277077485 -16.2675864 0.0583273356 0.272515763 0.960381737 -45.2845897
0.993411292 -0.108805598 -0.0359909326 43.0265673 0.0950012064 0.957481494 -0.272404038 -16.5691347 0.0640997362 0.267190065 0.961509591 -44.3319046
0.992512867 -0.114875721 -0.0414943073 43.0996009 0.0995625161 0.957714922 -0.269943389 -16.6830253 0.0707496588 0.26379101 0.961981699 -43.985627
0.992159835 -0.118362593 -0.0401143093 43.0047115 0.103710086 0.958876327 -0.264197667 -16.8846534 0.0697357826 0.257966055 0.963633974 -43.391836
0.992133663 -0.11883984 -0.0393431862 42.9582318 0.103999633 0.957410879 -0.269348258 -17.0502195 0.0696768984 0.263137797 0.962238863 -42.8415006
0.99243134 -0.116777427 -0.0379877445 42.9262784 0.102061958 0.956395059 -0.273663749 -17.2011943 0.0682890397 0.267715378 0.961074963 -42.326248
0.992430429 -0.117248155 -0.0365337233 42.9052006 0.102514247 0.954730113 -0.279251213 -17.3501807 0.0676215354 0.273392174 0.959522823 -41.8474264
0.992085075 -0.120297254 -0.0359968783 42.8966614 0.105322826 0.953297163 -0.283075294 -17.4935706 0.0683689024 0.277043481 0.958421934 -41.4076558
0.991527663 -0.126633238 -0.0289295165 42.8903784 0.112938357 0.950459065 -0.28960748 -17.758042 0.0641702542 0.283886576 0.956708206 -40.5753306
0.99232894 -0.121947249 -0.0203013255 42.8918277 0.11164277 0.954507869 -0.276497052 -18.0258485 0.0530958297 0.27210953 0.96080031 -39.7460619
0.993091532 -0.116837836 -0.010868742 42.9369683 0.109329201 0.954938576 -0.275933762 -18.2570442 0.0426184846 0.272839212 0.961115201 -38.9919221
0.993307528 -0.115274295 0.00721055285 42.8848372 0.112481113 0.951282266 -0.287071505 -18.5601024 0.0262326943 0.285961338 0.957882017 -38.0344936
0.993419901 -0.112286468 0.0225532393 42.8819997 0.114009406 0.950811868 -0.288025427 -18.8350188 0.0108974704 0.288701473 0.957357146 -37.131057
0.991750712 -0.123879092 0.032931678 42.9261261 0.12815101 0.952619754 -0.275849455 -19.1024219 0.00280061307 0.277794122 0.960636551 -36.2771571
0.990755153 -0.129291068 0.0410858424 42.9926044 0.135610485 0.952226333 -0.273632615 -19.348464 -0.00374476791 0.276674595 0.96095637 -35.4849893
0.991168506 -0.12612083 0.0409698504 43.0520811 0.132519482 0.953358696 -0.271193258 -19.5872555 -0.00485584434 0.27422752 0.961652582 -34.6269845
0.991309022 -0.125522329 0.0393772499 43.103756 0.131492982 0.954527603 -0.26755682 -19.8372854 -0.0040023169 0.270409321 0.962737129 -33.7930798
0.992767738 -0.113325164 0.0396184927 43.1504161 0.119913406 0.951865398 -0.282086935 -20.0810364 -0.00574392433 0.284797596 0.958570465 -33.0038514
0.991738194 -0.123912704 0.0331812677 43.2814206 0.128155711 0.945758159 -0.29852574 -20.3027753 0.00560967698 0.300311747 0.95382461 -32.2650889
0.993335063 -0.112386045 0.0255896483 43.1962078 0.115050021 0.953284042 -0.279308123 -20.6169099 0.00699613209 0.280390642 0.959860481 -31.2569119
