0.999995018 0.00306275787 0.00076439091 -0.0937937666 -0.00306117691 0.999993191 -0.00206093209 -0.117898849 -0.000770697841 0.00205858188 0.999997584 0.084493886
0.927066981 -0.0101179379 0.374759177 -0.164530066 0.0124487346 0.999915295 -0.003799053 -0.135878932 -0.374688994 0.00818725414 0.927114408 0.392990613
0.903147172 -0.0143426256 0.429091453 -0.178589477 0.0176220472 0.999837982 -0.00367054677 -0.139616515 -0.428969287 0.0108765138 0.903253592 0.432552327
0.875761594 -0.0138247044 0.48254586 -0.190668852 0.0180696655 0.999828119 -0.00414963853 -0.141947155 -0.482405552 0.0123535363 0.875860875 0.474746943
0.845525329 -0.0152544646 0.53371736 -0.198897934 0.0214768252 0.999754494 -0.00544947644 -0.144990702 -0.5335032 0.0160702248 0.845645365 0.516640614
0.812514201 -0.0166182273 0.582704478 -0.203986977 0.0265365981 0.999611754 -0.00849416416 -0.14717101 -0.582337087 0.0223646236 0.812639736 0.558503788
0.776506031 -0.0161864727 0.629901883 -0.206182564 0.028580249 0.99954591 -0.0095469045 -0.147665821 -0.62946132 0.0254159816 0.776616041 0.604872997
0.740966778 -0.0197970011 0.671249814 -0.203823792 0.0337575129 0.999399704 -0.00778857345 -0.150436894 -0.670692675 0.0284307984 0.741190276 0.643277026
0.704771325 -0.0217523743 0.70910099 -0.198145021 0.0378722838 0.999258155 -0.00698780891 -0.152556067 -0.708422946 0.0317800813 0.705072306 0.682167302
0.633095477 -0.0188852801 0.773843307 -0.173870745 0.0395568222 0.999185477 -0.00797751635 -0.153101166 -0.773062336 0.0356613116 0.633326848 0.764282493
0.562377587 -0.0209218463 0.826615827 -0.144011591 0.0425949738 0.999085601 -0.00369185186 -0.156585737 -0.82578273 0.0372858942 0.562754515 0.831042671
0.493360743 -0.0147571802 0.869699605 -0.106174656 0.0402886356 0.99917066 -0.00590076124 -0.157721402 -0.868891249 0.0379502144 0.493546126 0.892854944
0.426750842 -0.014648935 0.904250589 -0.0595761595 0.0446689801 0.998989839 -0.00489730135 -0.159033033 -0.90326541 0.042481879 0.426974108 0.945577043
0.360712051 -0.0121592687 0.932597967 -0.00469264163 0.0447933611 0.998987018 -0.00430040994 -0.157309264 -0.931600972 0.0433254072 0.360891311 0.994784406
0.303658904 -0.0114673245 0.952711798 0.0564552237 0.052488631 0.998610414 -0.00470997686 -0.157051813 -0.951333913 0.0514367644 0.303838848 1.03302008
0.257192215 -0.0120009547 0.966285745 0.122789052 0.0632963648 0.997984841 -0.00445268021 -0.156671477 -0.96428509 0.0623075697 0.257433549 1.06321282
0.222669393 -0.0129010455 0.97480865 0.194603279 0.0713741025 0.99744479 -0.00310291404 -0.156468661 -0.972277779 0.0702670165 0.223021227 1.08643769
0.195422872 -0.0129649461 0.980633373 0.270437491 0.0740837433 0.997250774 -0.00157893398 -0.155860497 -0.977916919 0.0729575509 0.195846102 1.10585479
0.172177752 -0.00839852698 0.985030094 0.348287014 0.0745348427 0.997208139 -0.00452591468 -0.155522653 -0.982242017 0.0741983249 0.172323038 1.12359234
0.152594193 -0.000183261847 0.988288915 0.429370549 0.0760349381 0.997038198 -0.0115550936 -0.15520487 -0.985359681 0.0769077267 0.152156173 1.14245831
0.137405482 0.00449693078 0.990504675 0.511787527 0.0753461592 0.997044929 -0.0149788464 -0.155143359 -0.987645022 0.0766888985 0.136660613 1.162465
0.125249932 0.0107766993 0.99206669 0.596271896 0.0748139584 0.99699136 -0.0202755717 -0.156078552 -0.989300423 0.0767599501 0.124066853 1.18390809
0.113398551 0.0129303169 0.993465438 0.685205766 0.0750218633 0.996949242 -0.0215389881 -0.158967673 -0.990713121 0.0769741183 0.112082543 1.21014925
0.100452667 0.0134523445 0.994850891 0.778372388 0.0742712522 0.997017341 -0.0209809996 -0.162090097 -0.992165834 0.0759964188 0.0991539287 1.24229687
0.0936010295 0.015483736 0.995489378 0.828161496 0.0759854735 0.996851649 -0.0226494695 -0.164496614 -0.992705926 0.0777627454 0.0921298016 1.25972987
0.0803719735 0.0218828941 0.996524704 0.943170644 0.0761903548 0.996699181 -0.0280316501 -0.169671427 -0.993848769 0.0781785298 0.0784394146 1.29998887
0.0722207413 0.0263275055 0.997041136 1.03881051 0.0756615179 0.996626449 -0.0317971025 -0.175630825 -0.994514705 0.0777340561 0.0699851219 1.32979749
0.0594709889 0.0305323227 0.997762987 1.19143567 0.0802531177 0.996150449 -0.0352664106 -0.186048023 -0.994998813 0.0821709187 0.0567917382 1.37885948
0.0525485096 0.033305555 0.998062821 1.2841258 0.0858804151 0.995590223 -0.037744691 -0.193674595 -0.994918694 0.0876974766 0.0494564875 1.40594487
0.0426886287 0.0332107048 0.998536294 1.38808159 0.0931164435 0.994964793 -0.037072759 -0.203409167 -0.994739669 0.0945627336 0.0393812199 1.43733916
0.0306481471 0.0339928236 0.99895204 1.49790292 0.101412873 0.99415833 -0.0369410782 -0.215265067 -0.994372224 0.102438772 0.0270218008 1.47058908
0.0166891444 0.0378126706 0.999145472 1.61517721 0.111895283 0.992936756 -0.0394467353 -0.229506429 -0.99357985 0.112457998 0.0123402055 1.50521051
0.00787136143 0.0386358204 0.999222355 1.67665272 0.115515062 0.992528491 -0.0392869646 -0.237665787 -0.99327454 0.115734474 0.0033495313 1.52330624
-0.0021640373 0.0393981904 0.999221247 1.745356 0.12210203 0.991757325 -0.0388394569 -0.247222999 -0.992515194 0.121922892 -0.00695679886 1.54272561
-0.0115318337 0.0402477019 0.999123185 1.80868016 0.12920597 0.990873053 -0.0384240723 -0.25666207 -0.991550722 0.12864958 -0.0166268266 1.56024026
-0.023319544 0.0414439134 0.99886866 1.87946895 0.138070731 0.989699248 -0.0378400734 -0.267764535 -0.990147803 0.137032113 -0.0288015266 1.57921118
-0.0362829752 0.0436769304 0.998386634 1.95537897 0.146204357 0.988526898 -0.03793229 -0.280737801 -0.988588808 0.14459218 -0.0422524545 1.59855156
-0.0634664894 0.0482456488 0.996817116 2.10335399 0.1623711 0.986021288 -0.0373851055 -0.305246763 -0.984686565 0.15948159 -0.0704130086 1.63174759
-0.0802144199 0.0504860813 0.995498268 2.18786421 0.171810128 0.984469052 -0.0360827698 -0.321107113 -0.981858914 0.168142326 -0.0876426339 1.64811983
-0.0991248359 0.0518760221 0.993721865 2.27340929 0.181542254 0.98282262 -0.0331980034 -0.337699912 -0.978374508 0.17711176 -0.106839821 1.66412057
-0.117205168 0.0546444845 0.991603211 2.36498893 0.191617541 0.980966949 -0.0314096069 -0.353475725 -0.974446338 0.186327201 -0.125445238 1.67575886
-0.155017955 0.0609391404 0.986030352 2.57005897 0.20457734 0.978440999 -0.0283076402 -0.39178959 -0.966497566 0.197331275 -0.16414269 1.68655879
-0.17652262 0.0645542904 0.982177432 2.70550379 0.210944875 0.977143787 -0.0263112153 -0.415194178 -0.961427077 0.202540771 -0.186105378 1.68214505
-0.195257568 0.0687441189 0.978339782 2.8966176 0.218239033 0.975575238 -0.0249936043 -0.435225193 -0.956162228 0.208631737 -0.205491099 1.6575688
-0.219368386 0.0715952642 0.973011629 3.10039596 0.22410327 0.974335488 -0.0211679218 -0.458730139 -0.949555283 0.213411515 -0.229783137 1.62663106
-0.243118155 0.0746071539 0.967123227 3.29452802 0.230825788 0.972846171 -0.0170230058 -0.481772418 -0.942132166 0.219098379 -0.253737821 1.58862778
-0.265605408 0.0794071238 0.960806055 3.47375645 0.238900155 0.97094026 -0.014203075 -0.504366157 -0.934013107 0.225764302 -0.276857358 1.54809976
-0.292127371 0.0862458957 0.952482674 3.63674639 0.250482553 0.9680605 -0.0108332 -0.526721514 -0.922995173 0.235415618 -0.304400061 1.51668839
-0.32014056 0.0931803948 0.942776451 3.79754847 0.262974372 0.964783808 -0.006056763 -0.551050605 -0.910139825 0.24598703 -0.333370484 1.47722525
-0.352204642 0.0994269215 0.930626766 3.95752376 0.276449157 0.961026566 0.0019500443 -0.576978757 -0.894163158 0.257957799 -0.365964507 1.42826311
-0.38143106 0.104856903 0.918430932 4.11797995 0.28913796 0.957226572 0.010794916 -0.600903507 -0.878014571 0.269670763 -0.395434057 1.35664016
-0.41278381 0.109960111 0.904167186 4.25995577 0.303345057 0.95261188 0.0226358808 -0.624948649 -0.858831359 0.283618372 -0.426578617 1.27898834
-0.447767927 0.115018116 0.88672133 4.43357569 0.316601447 0.94783955 0.0369284611 -0.650878112 -0.836222104 0.297272637 -0.460827053 1.18527222
-0.45799104 0.116626504 0.881273207 4.79935563 0.317791861 0.947325385 0.0397862739 -0.639425218 -0.830212347 0.29828321 -0.470929492 1.01013595
-0.469913615 0.119664947 0.874563603 5.16810475 0.319524616 0.946639725 0.0421574536 -0.628921611 -0.822851879 0.299254961 -0.483074791 0.829230611
-0.479745323 0.122808221 0.868770721 5.52544727 0.321059701 0.946056671 0.0435596553 -0.613903668 -0.816556852 0.299824809 -0.493295034 0.639840597
-0.49088748 0.125467929 0.862141103 5.8907304 0.324141115 0.944837633 0.0470572557 -0.598998106 -0.808679182 0.302555196 -0.504478279 0.439368901
-0.503910268 0.128888368 0.854085611 6.24045255 0.326799098 0.943749434 0.0503920176 -0.584698288 -0.799547867 0.304507462 -0.517685632 0.246431902
-0.518121997 0.133489271 0.84482555 6.59673906 0.330537748 0.942256348 0.0538309533 -0.569367578 -0.788856383 0.307137736 -0.532326984 0.0434482031
-0.532986573 0.139268703 0.834583454 6.95333966 0.335270255 0.940384686 0.0571882754 -0.549094625 -0.776864962 0.31029159 -0.547905065 -0.168645995
-0.550597957 0.145991914 0.821905257 7.32220658 0.343353106 0.937052651 0.0635686513 -0.528705754 -0.760887991 0.317204492 -0.566066052 -0.39544302
-0.569562112 0.156671201 0.806878637 7.69829678 0.354949723 0.932296267 0.0695295871 -0.498354601 -0.741356658 0.326002768 -0.586611031 -0.658476481
-0.590985243 0.168439463 0.788900874 8.04353106 0.36793388 0.926592327 0.0777902283 -0.461166571 -0.717886553 0.336236236 -0.609576977 -0.960887267
-0.623333095 0.187114209 0.759239176 8.48260468 0.370769821 0.925586023 0.0762905878 -0.37516467 -0.688466116 0.329057422 -0.646324702 -1.28059805
-0.66167582 0.190918656 0.725075979 8.83208737 0.356487669 0.930850124 0.0802158917 -0.332398614 -0.659622355 0.311557561 -0.683981166 -1.50006394
-0.710489309 0.199472563 0.674844899 9.1997823 0.341604582 0.936177864 0.0829295825 -0.282192537 -0.61523268 0.289450691 -0.733285106 -1.72934145
-0.779932191 0.209560747 0.58973729 9.81135549 0.317807016 0.944362239 0.0847269911 -0.262381146 -0.539170176 0.253503956 -0.803138385 -2.01209641
-0.837900715 0.217481564 0.500623772 10.2662963 0.302899746 0.948273957 0.0950170822 -0.254457559 -0.454064022 0.231253694 -0.860434537 -2.32214122
-0.890345304 0.222676914 0.397114885 10.6758376 0.280981475 0.955055692 0.0944353489 -0.222538777 -0.358238259 0.195661995 -0.912897438 -2.62605644
-0.928966061 0.193112325 0.315800074 10.8675093 0.222009967 0.973324928 0.0578805577 -0.186542669 -0.296198635 0.123879838 -0.947058686 -2.82961477
-0.95328564 0.129571503 0.272869407 11.0670969 0.139498997 0.990072576 0.0172140922 -0.170162144 -0.267930061 0.0544749555 -0.961897064 -3.12544086
-0.96548692 0.0847524101 0.246276343 11.1682487 0.0829610976 0.996396305 -0.0176595673 -0.162201775 -0.246885529 0.00338127455 -0.969038752 -3.33402982
-0.976304737 0.0541550711 0.209514414 11.2713412 0.046215047 0.998022204 -0.0426127923 -0.16623173 -0.211407736 -0.0319203525 -0.976876584 -3.47927253
-0.975862421 0.0570234358 0.210810017 11.3251838 0.0488909355 0.997852295 -0.0435944162 -0.165917868 -0.212843163 -0.0322354536 -0.976554486 -3.60162507
-0.976980428 0.0569611851 0.20558372 11.3538447 0.048902034 0.997830601 -0.0440758802 -0.174297444 -0.207648341 -0.0330078103 -0.977646486 -3.74464415
-0.976915622 0.0578547012 0.205642167 11.3938515 0.0494738094 0.997730722 -0.045669989 -0.179321147 -0.207817732 -0.0344418243 -0.977561022 -3.88090764
-0.977798287 0.0587604266 0.201141049 11.4205003 0.0504023025 0.997649162 -0.0464301312 -0.188357283 -0.203396454 -0.0352613307 -0.978461303 -4.02697492
-0.978658504 0.0588695329 0.196880448 11.4477139 0.0504710534 0.997599555 -0.0474109765 -0.196278681 -0.199198909 -0.0364623917 -0.979280495 -4.1700936
-0.979402506 0.0589306543 0.193126667 11.4765983 0.050754831 0.997603852 -0.047015978 -0.205107324 -0.195434589 -0.0362454553 -0.980046728 -4.31723434
-0.980274049 0.0585272655 0.188778566 11.5051184 0.0505148588 0.997617575 -0.0469832128 -0.213588188 -0.191078615 -0.0365203016 -0.980895117 -4.46410059
-0.980792088 0.0607804146 0.185344599 11.5324803 0.052957122 0.997495937 -0.046876415 -0.221805391 -0.187729653 -0.0361607004 -0.981554879 -4.61029048
-0.981402935 0.0626623226 0.181443413 11.5615098 0.0551230082 0.997405256 -0.0463056096 -0.230106638 -0.183874231 -0.0354427544 -0.982310581 -4.75838711
-0.981832704 0.0633303383 0.178868134 11.5893643 0.0560498493 0.997391929 -0.0454725668 -0.237737935 -0.181281427 -0.0346209213 -0.982821671 -4.90557425
-0.982424394 0.0627498886 0.175797502 11.6167612 0.055710123 0.997445762 -0.044702721 -0.246199213 -0.178153564 -0.0341233431 -0.983410853 -5.05495408
-0.982991571 0.0619601813 0.172882931 11.6438132 0.0548938353 0.997461155 -0.0453642046 -0.254470552 -0.175254783 -0.0351024236 -0.983897139 -5.20452513
-0.983556809 0.0615185573 0.169798325 11.6707083 0.0541965202 0.997403218 -0.0474295053 -0.262768419 -0.172275191 -0.0374471345 -0.984336818 -5.35433517
-0.984180466 0.0612975356 0.16622702 11.6977887 0.0537625145 0.997328037 -0.0494608773 -0.270342097 -0.168814698 -0.0397416467 -0.984846282 -5.50420783
-0.984770954 0.0606167011 0.162947182 11.7237039 0.0530340857 0.997315365 -0.0504920681 -0.279363733 -0.165570391 -0.0410813672 -0.985341954 -5.65574071
-0.985424639 0.0592053772 0.159477285 11.7492676 0.0515437231 0.997328438 -0.0517613 -0.288397774 -0.162115779 -0.0427868073 -0.985843681 -5.80807064
-0.986030232 0.0599739492 0.155394683 11.7744655 0.052493345 0.997276515 -0.0518073451 -0.297055616 -0.158078559 -0.0429264218 -0.986493027 -5.96053862
-0.98663697 0.0593619076 0.15173547 11.7988218 0.0521938365 0.997344148 -0.0507981584 -0.306420399 -0.154347959 -0.0421996848 -0.987114935 -6.11429954
-0.987248662 0.0590207535 0.147839878 11.8225362 0.0521390632 0.997387234 -0.0500022444 -0.315654057 -0.150404777 -0.0416564161 -0.987746499 -6.26863881
-0.98790594 0.0589100473 0.143427544 11.8462662 0.0522522978 0.997393701 -0.0497544236 -0.324113449 -0.145984764 -0.0416582719 -0.988409347 -6.42301723
-0.988488917 0.0580601389 0.139709277 11.8689812 0.0515393146 0.997425975 -0.0498510157 -0.33355956 -0.142244019 -0.0420766562 -0.988936901 -6.57819844
-0.989073827 0.0574833691 0.13575208 11.8910272 0.0510222341 0.997414495 -0.05060688 -0.342932128 -0.138310146 -0.0431275661 -0.989449502 -6.73326403
-0.989505946 0.0576530683 0.132491909 11.9126486 0.0512767134 0.997379004 -0.0510472459 -0.352575409 -0.135087679 -0.0437178037 -0.989868715 -6.88912435
-0.989883255 0.0584954313 0.129264945 11.9337752 0.0522242582 0.997312483 -0.0513852006 -0.361625448 -0.131923343 -0.0441145837 -0.990277807 -7.0454432
-0.990164961 0.0594683017 0.126636768 11.9543627 0.053451003 0.997297842 -0.0503984649 -0.371418541 -0.129291686 -0.0431339318 -0.990668019 -7.20224401
-0.990472108 0.0605568887 0.123684543 11.9746892 0.0548164546 0.997278523 -0.0493021602 -0.380863271 -0.126333524 -0.0420524664 -0.991096075 -7.35917524
-0.990740539 0.0618270922 0.120874296 11.9943263 0.0561881281 0.997191431 -0.0495191326 -0.390194641 -0.123596436 -0.0422689117 -0.991431924 -7.51654276
-0.991084326 0.0618313238 0.118020105 12.0138137 0.0562251491 0.997152406 -0.0502574477 -0.399769727 -0.120791516 -0.0431736707 -0.991738596 -7.67404738
-0.991444227 0.0613561078 0.115211863 12.0329052 0.0558409964 0.997161512 -0.0505044838 -0.409507886 -0.117983594 -0.0436388337 -0.99205621 -7.83198291
-0.991793917 0.0614082258 0.112133208 12.0514356 0.0558779413 0.997092168 -0.0518156822 -0.419144254 -0.114989053 -0.0451247056 -0.992341312 -7.98994096
-0.992151076 0.0613641145 0.108952685 12.069633 0.0558593396 0.997037335 -0.0528799211 -0.429225273 -0.111874824 -0.0463788456 -0.992639424 -8.14815339
-0.992572912 0.059234208 0.106255934 12.0874285 0.0537651139 0.997112958 -0.0536196003 -0.439485681 -0.109125283 -0.0475085004 -0.992892046 -8.30639678
-0.992870249 0.0602726002 0.102839109 12.104923 0.0549164995 0.997021857 -0.0541441987 -0.449114943 -0.105796251 -0.0481106002 -0.9932233 -8.46402483
-0.993078188 0.061626782 0.0999892579 12.1215806 0.0565509944 0.997001006 -0.0528297208 -0.459605433 -0.102945116 -0.0468095515 -0.993585008 -8.62290189
-0.993332978 0.0619120362 0.0972445113 12.1378903 0.0571036735 0.997040277 -0.0514767537 -0.469743525 -0.100143725 -0.0455805382 -0.993928392 -8.78152669
-0.993701046 0.0609242093 0.0940556843 12.1537612 0.0562910219 0.997103127 -0.0511534448 -0.479740881 -0.0968997001 -0.045536741 -0.994251906 -8.94099201
-0.994084299 0.0597603246 0.0906923973 12.1692922 0.0552036707 0.997122844 -0.0519479328 -0.489215888 -0.0935358865 -0.0466340711 -0.994523153 -9.09958161
-0.994510154 0.05813875 0.0870025278 12.1843294 0.0537879153 0.997221116 -0.0515451836 -0.499297877 -0.0897575304 -0.0465825239 -0.994873688 -9.25911364
-0.994886898 0.0572414379 0.0832074376 12.198752 0.0531102063 0.997283196 -0.0510444247 -0.509353478 -0.0859032355 -0.0463642652 -0.99522409 -9.41892719
-0.995229032 0.0567955253 0.0793312242 12.2124305 0.0528210065 0.997283777 -0.0513323334 -0.519340355 -0.0820311898 -0.0468970734 -0.995525765 -9.57842177
-0.995572046 0.0562229904 0.0753344256 12.2254983 0.0524571187 0.997316489 -0.0510692738 -0.529035565 -0.0780035322 -0.0468913145 -0.995849714 -9.73786319
-0.995949746 0.0551582501 0.0710047262 12.2380365 0.0516320804 0.997384746 -0.050574661 -0.539119488 -0.0736086407 -0.046703699 -0.99619302 -9.8975417
-0.996292643 0.0543272612 0.0667047089 12.2500557 0.0509986779 0.997414576 -0.0506290284 -0.549049593 -0.0692827854 -0.0470394766 -0.996487423 -10.0569396
-0.996563424 0.0545170738 0.0623637002 12.2612129 0.0513547576 0.99736539 -0.0512344439 -0.558756024 -0.0649925481 -0.0478557002 -0.996737579 -10.2161408
-0.996768119 0.0549045732 0.0586413312 12.2715689 0.0519266511 0.997339947 -0.0511532346 -0.568858851 -0.0612938887 -0.0479428655 -0.996967673 -10.3759142
-0.997013214 0.0547029077 0.0545182802 12.2813643 0.0519371357 0.997351392 -0.0509188948 -0.578855121 -0.0571592943 -0.0479352877 -0.99721363 -10.5356399
-0.997297715 0.0535464607 0.0502995456 12.2907291 0.0509432689 0.99736331 -0.0516837596 -0.588644907 -0.0529344037 -0.0489816721 -0.997395982 -10.6959325
-0.997470473 0.0540727632 0.0461388342 12.2991977 0.0516793571 0.997330855 -0.0515791616 -0.598466994 -0.0488047108 -0.0490642654 -0.997602525 -10.8561028
-0.997608943 0.0546805253 0.0422662721 12.3070503 0.0524717058 0.997282579 -0.0517124487 -0.608276848 -0.0449790807 -0.0493710179 -0.9977672 -11.0167111
-0.9976934 0.0560402301 0.0383062994 12.3142916 0.0540097763 0.997178698 -0.0521304958 -0.618240503 -0.0411196307 -0.049941337 -0.997905326 -11.1775737
-0.997704119 0.0582671822 0.0345170398 12.3207918 0.0563908565 0.996998708 -0.0530438192 -0.628267364 -0.0375041579 -0.0509755915 -0.997995455 -11.3386725
-0.997735602 0.0595657936 0.0312343378 12.3267931 0.0578553053 0.996913353 -0.0530709878 -0.638420395 -0.0342991439 -0.0511437418 -0.998102142 -11.5002947
-0.997724547 0.061384516 0.0278867132 12.3321608 0.0598067529 0.996733741 -0.0542678774 -0.648549437 -0.0311268354 -0.0524765797 -0.998136929 -11.6620842
-0.997697793 0.0631490428 0.0247247459 12.3371825 0.0616894115 0.996528113 -0.05591187 -0.658666289 -0.0281696854 -0.0542578943 -0.998129526 -11.8247256
-0.997710468 0.0641396015 0.0214460495 12.3415425 0.0628583366 0.996457926 -0.05586082 -0.668847954 -0.0249529767 -0.0543848618 -0.998208213 -11.9879129
-0.997768029 0.0643798889 0.0177254354 12.3453611 0.0632841709 0.996385942 -0.0566583439 -0.679012789 -0.0213090325 -0.0554101446 -0.998236265 -12.1517867
-0.997883636 0.0635078599 0.0139642443 12.3488404 0.0626199214 0.996420078 -0.0567959014 -0.689238015 -0.0175212396 -0.0558012607 -0.998288148 -12.3164723
-0.997865274 0.0645466846 0.0099308011 12.3517078 0.0638729167 0.99629895 -0.0575208947 -0.699491054 -0.0136068298 -0.0567637941 -0.998294909 -12.4819676
-0.997948007 0.0637231128 0.00625628964 12.3539265 0.063254808 0.996309797 -0.0580139429 -0.710157321 -0.00993003168 -0.0574991583 -0.998296169 -12.6481648
-0.998067721 0.0620593146 0.00307654587 12.3557172 0.0617740719 0.996377603 -0.0584434454 -0.72086316 -0.00669236156 -0.0581404656 -0.99828598 -12.8150943
-0.997983143 0.0634794831 -3.8573458e-05 12.3566365 0.0633745595 0.99629831 -0.0580804885 -0.731407051 -0.00364848872 -0.057965793 -0.998311903 -12.9830705
-0.997882988 0.0649856639 -0.00253085951 12.357163 0.065024095 0.996250783 -0.0570635055 -0.742234047 -0.00118693902 -0.0571072682 -0.998367343 -13.1515993
-0.997810181 0.0659569944 -0.0049515106 12.3572835 0.0661315729 0.996210989 -0.0564825603 -0.752956607 0.00120732935 -0.056686325 -0.998391308 -13.3208744
-0.997809536 0.0657483624 -0.00729947382 12.3570736 0.0660551958 0.996237544 -0.056102291 -0.763452523 0.00358337611 -0.0564615692 -0.998398343 -13.4909881
-0.997822434 0.0651938854 -0.0100073366 12.3566015 0.0656497853 0.996307847 -0.0553243091 -0.773734861 0.00636358133 -0.0558608163 -0.998418286 -13.661824
-0.9977083 0.0664214265 -0.0128974037 12.3553822 0.0670302156 0.996257856 -0.0545640451 -0.784125729 0.00922491803 -0.0553035164 -0.998426974 -13.8334516
-0.997660952 0.0665681492 -0.015534026 12.3538729 0.0673170336 0.99626498 -0.0540787087 -0.794455482 0.0118760865 -0.0549979206 -0.998415839 -14.0056308
-0.997662346 0.0659139203 -0.0180332646 12.3517869 0.0668151748 0.996246328 -0.0550362359 -0.804995949 0.0143379196 -0.0561124759 -0.998321498 -14.1792027
-0.997651474 0.065234343 -0.0208810216 12.349245 0.0663464571 0.996112938 -0.0579410194 -0.815674621 0.0170201115 -0.0591903252 -0.998101609 -14.3529118
-0.99767409 0.0635244735 -0.0247194371 12.3462273 0.0648638483 0.99621898 -0.0577964064 -0.82664424 0.0209544861 -0.059265375 -0.998022307 -14.5276119
-0.997678717 0.0612607781 -0.0297370796 12.342592 0.0628701983 0.996415565 -0.056598228 -0.83770763 0.0261632375 -0.0583364236 -0.99795408 -14.7030953
-0.997617071 0.0592485071 -0.0353524166 12.338237 0.0611329079 0.996621721 -0.0548444405 -0.848573621 0.0319835351 -0.0568749462 -0.997868876 -14.8791807
-0.99748805 0.0578906228 -0.0408199197 12.3327413 0.0600412635 0.996756234 -0.053591574 -0.859383016 0.0375850598 -0.0559078342 -0.997728258 -15.0561636
-0.997232626 0.0584664407 -0.0459213016 12.3261285 0.0608901797 0.99672115 -0.053285419 -0.869987455 0.0426553237 -0.0559341146 -0.997522881 -15.2334875
-0.996853888 0.0607605656 -0.0508967547 12.3184178 0.0634552385 0.996570178 -0.0531160293 -0.880566724 0.0474948279 -0.056178586 -0.997290433 -15.4119046
-0.996525324 0.0619950503 -0.0556227645 12.3099835 0.0649667248 0.996462428 -0.0533099748 -0.891087926 0.0521210404 -0.0567383687 -0.99702766 -15.5911377
-0.996240615 0.0626090989 -0.059872679 12.300445 0.0657828531 0.996446967 -0.0525933257 -0.90186395 0.0563671287 -0.0563342028 -0.996819545 -15.7700252
-0.995944742 0.0627558432 -0.0644652939 12.2901598 0.0660697728 0.996529751 -0.0506284529 -0.912826358 0.0610643521 -0.0546823488 -0.996634831 -15.9494546
-0.995702039 0.0615388696 -0.0692128374 12.2794038 0.0650209764 0.996668567 -0.0492345331 -0.923455066 0.065952422 -0.0535232113 -0.996386242 -16.1299208
-0.995438933 0.0607689259 -0.073542284 12.2674531 0.0644727006 0.996711754 -0.0490810645 -0.934267581 0.0703178552 -0.0535986722 -0.996083622 -16.309266
-0.99505164 0.0610216632 -0.0784129416 12.2546733 0.0649455474 0.996709322 -0.0485036381 -0.944674021 0.0751951373 -0.0533561961 -0.995740331 -16.4902674
-0.994595801 0.0620212824 -0.0832619578 12.2409335 0.0661297375 0.996678571 -0.0475256194 -0.955334423 0.0800378092 -0.0527748729 -0.995393772 -16.670079
-0.994157257 0.0623400333 -0.088119626 12.2262896 0.0665915447 0.99671211 -0.0461577237 -0.965729549 0.0849524244 -0.051756058 -0.995039897 -16.8498962
-0.9938546 0.0610643159 -0.092326501 12.2111334 0.0654958688 0.996803347 -0.0457534517 -0.975597536 0.089237462 -0.0515192829 -0.994677053 -17.0310215
-0.993485768 0.0606781038 -0.0964582617 12.1949321 0.065205122 0.996879517 -0.0444918023 -0.985759338 0.0934575871 -0.0504915451 -0.994342136 -17.2112569
-0.993124295 0.0609524285 -0.0999446666 12.1778584 0.0655444302 0.99690881 -0.043321502 -0.995667236 0.0969951678 -0.0495744524 -0.994049451 -17.3917868
-0.992935996 0.0585024916 -0.103225802 12.1607266 0.0633053654 0.9970291 -0.0438794316 -1.00518285 0.100352073 -0.0501042143 -0.993689604 -17.5731177
-0.992771618 0.0545849923 -0.10688776 12.1427645 0.0596782686 0.997200837 -0.0450443644 -1.01509646 0.104129818 -0.051097643 -0.993250226 -17.7540878
-0.992539228 0.051266823 -0.110623661 12.1243834 0.0566856165 0.99731299 -0.0464062524 -1.02501061 0.107947313 -0.0523307963 -0.992778357 -17.9353284
-0.99224273 0.0490051999 -0.114249094 12.105215 0.0544057117 0.997520612 -0.0446390841 -1.03517319 0.111778279 -0.0505086099 -0.992448738 -18.1163948
-0.991743735 0.0496688913 -0.118225912 12.0850903 0.0551069234 0.997546373 -0.0431793971 -1.04508842 0.115791157 -0.0493379628 -0.992047465 -18.2978318
-0.991352355 0.049207299 -0.12165176 12.0642468 0.0548794712 0.997535271 -0.0437221515 -1.05470967 0.119200472 -0.0500202421 -0.99160941 -18.4803246
-0.990976945 0.0472256891 -0.125436955 12.0429699 0.0530449876 0.997645834 -0.0434628508 -1.06480484 0.123089093 -0.0497244848 -0.991149106 -18.6614891
-0.990583614 0.045346295 -0.129181337 12.0208363 0.0509517911 0.997882761 -0.0404216542 -1.07476467 0.127074857 -0.0466230488 -0.990796786 -18.8428972
-0.99018616 0.0431856158 -0.132914901 11.9981847 0.0487864214 0.998040774 -0.039172687 -1.08375711 0.130962794 -0.0452726948 -0.990353033 -19.0244804
-0.989714171 0.041953159 -0.136769121 11.9747642 0.0476783864 0.998106715 -0.0388555906 -1.09282089 0.134880063 -0.0449768596 -0.989840619 -19.2053165
-0.989273835 0.0414593978 -0.140065691 11.9507237 0.0473817204 0.99810681 -0.0392143783 -1.10202231 0.138174715 -0.0454303119 -0.98936537 -19.3858344
-0.988816093 0.0414006209 -0.143278477 11.9248806 0.0473668637 0.998136014 -0.0384821678 -1.11096322 0.141418223 -0.0448384389 -0.988933972 -19.56833
-0.988290663 0.0411683041 -0.146924256 11.8999314 0.0471686487 0.998179372 -0.037590683 -1.12035775 0.145109217 -0.0440807396 -0.988433206 -19.7481086
-0.987898041 0.0380746871 -0.150358834 11.8743855 0.0442600483 0.998296836 -0.0380062493 -1.12959329 0.148655672 -0.0442011885 -0.987900676 -19.9271628
-0.987674242 0.027544717 -0.154080756 11.8486881 0.0342621513 0.998566919 -0.0411122147 -1.13896392 0.152727522 -0.0458846137 -0.987202566 -20.1063696
-0.98722189 0.0188242683 -0.158235856 11.8226076 0.0270754373 0.998374544 -0.0501516809 -1.14927674 0.157034582 -0.0537951422 -0.98612688 -20.285215
-0.986442975 0.0281916152 -0.161664747 11.7944782 0.0375381816 0.997777493 -0.0550541575 -1.16094319 0.15975338 -0.0603763876 -0.98530886 -20.4638088
-0.985998447 0.0362756304 -0.162760997 11.7634856 0.0450373953 0.997709674 -0.0504681991 -1.17199022 0.160557455 -0.0570918973 -0.985373949 -20.645469
-0.985542966 0.0371499591 -0.16530258 11.7348962 0.0442213102 0.998248286 -0.0393043964 -1.18222692 0.16355286 -0.0460460681 -0.985459396 -20.8240678
-0.985120695 0.0327706694 -0.168710695 11.7060534 0.03844667 0.998795485 -0.030486589 -1.1903846 0.167508414 -0.0365193342 -0.985194026 -21.0032171
-0.9846088 0.0273967551 -0.172612076 11.6770898 0.0325874047 0.999095731 -0.0273090068 -1.19760689 0.17170781 -0.032513668 -0.984611238 -21.1815462
-0.984015078 0.026367939 -0.17612228 11.6470396 0.0317005572 0.999118121 -0.0275328065 -1.20496481 0.175240978 -0.0326758712 -0.983983174 -21.3598086
-0.983309463 0.0314320176 -0.179205266 11.6157527 0.0373369626 0.998862088 -0.0296728888 -1.21282346 0.178068668 -0.0358686127 -0.98336412 -21.5377971
-0.982678209 0.0353486133 -0.181917602 11.5817854 0.0422574631 0.998519805 -0.034241863 -1.22035569 0.180437926 -0.0413361089 -0.982717396 -21.7151065
-0.981981292 0.0360902378 -0.185499964 11.549666 0.0436494177 0.998367885 -0.0368279168 -1.22920837 0.183868078 -0.0442612907 -0.981953903 -21.8930462
-0.981268993 0.0361886177 -0.189212971 11.5166902 0.0438824355 0.998364921 -0.036630823 -1.23812837 0.187577973 -0.0442478168 -0.981252584 -22.0723338
-0.980528515 0.0373373759 -0.192794583 11.4824436 0.0448830804 0.998381779 -0.0349189502 -1.24666015 0.191178816 -0.0428922412 -0.98061762 -22.2517887
-0.979890807 0.0380777442 -0.195867534 11.4483837 0.045471523 0.998407455 -0.0333900344 -1.25505478 0.194284189 -0.0416249829 -0.98006174 -22.4294129
-0.979379759 0.0387056723 -0.19828555 11.4137218 0.0461959192 0.998377617 -0.0332877074 -1.26344408 0.196675432 -0.04176129 -0.979578873 -22.6071626
-0.979047509 0.0391077261 -0.199841339 11.3773165 0.0466512478 0.99836012 -0.0331772887 -1.27132154 0.198216135 -0.0418049896 -0.979266413 -22.7833221
-0.978627905 0.0399687303 -0.201717437 11.3418641 0.0476101175 0.998315055 -0.0331711747 -1.27985623 0.200051745 -0.0420660281 -0.978881887 -22.9610007
-0.978257865 0.0416765468 -0.203161549 11.3056885 0.0490103153 0.998310858 -0.0311996894 -1.28820138 0.201518085 -0.0404783531 -0.978648029 -23.1388389
-0.977523538 0.0459726949 -0.20575287 11.2325811 0.05257819 0.998258483 -0.0267494961 -1.30317077 0.204164801 -0.0369663755 -0.978238325 -23.491529
-0.977237219 0.0444342185 -0.20744401 11.1962103 0.0513219986 0.998291314 -0.0279375277 -1.3104512 0.205848171 -0.0379480331 -0.97784788 -23.6681542
-0.977002663 0.0399686063 -0.209447624 11.1597937 0.0475718674 0.998374525 -0.0313882898 -1.31809625 0.207852626 -0.0406302573 -0.977315951 -23.8444012
-0.976774829 0.0367141066 -0.211099523 11.1227801 0.0446568325 0.998457836 -0.0329805695 -1.32612104 0.20956312 -0.0416416262 -0.976908017 -24.0211339
-0.976507292 0.036507781 -0.212369234 11.0852284 0.0443823321 0.998488116 -0.0324297697 -1.33421937 0.210864217 -0.0410933484 -0.976651227 -24.1957763
-0.976288662 0.034542964 -0.213698928 11.0474446 0.042460883 0.998567041 -0.0325720556 -1.34230405 0.212267571 -0.0408735737 -0.976356405 -24.3729835
-0.976117445 0.0315906504 -0.214934326 11.009657 0.0397206972 0.998645358 -0.0336112397 -1.35040809 0.213581366 -0.0413458587 -0.976049958 -24.549144
-0.975924831 0.0307732479 -0.215925291 10.9717491 0.0389220796 0.998677589 -0.0335878719 -1.3587401 0.214606141 -0.0411834996 -0.975832016 -24.7252894
-0.975748635 0.0317874263 -0.216573685 10.9327847 0.0394697342 0.998732349 -0.0312383669 -1.36701276 0.215306158 -0.0390288997 -0.975766367 -24.9034208
-0.975754272 0.0348548195 -0.216075779 10.8943895 0.0417834882 0.998745964 -0.0275797078 -1.37455034 0.214843527 -0.0359394175 -0.975986996 -25.0784067
-0.975822103 0.0404729519 -0.214786319 10.8556574 0.0462825021 0.998684202 -0.0220860945 -1.38128313 0.213609814 -0.0314929474 -0.976411308 -25.2545885
-0.976053942 0.045007233 -0.21282164 10.8172323 0.0499681099 0.998588847 -0.0179861868 -1.38704198 0.211711808 -0.0281897837 -0.976925507 -25.4298432
-0.976756856 0.038788543 -0.210811509 10.779783 0.0439677886 0.998834035 -0.0199349744 -1.39252007 0.209792462 -0.0287405388 -0.977323439 -25.6058363
-0.977239097 0.0305273766 -0.209932908 10.7429445 0.0366483373 0.999007211 -0.0253277049 -1.39874405 0.2089513 -0.0324449155 -0.977387682 -25.7816362
-0.977816362 0.0254683109 -0.207909903 10.7064768 0.0317282928 0.999136373 -0.0268295445 -1.40584253 0.207047043 -0.0328309939 -0.977779959 -25.9569617
-0.978543696 0.0235584165 -0.204688145 10.6698909 0.0299788376 0.999149198 -0.0283222535 -1.4129622 0.203846769 -0.0338508752 -0.978417402 -26.1330091
-0.979222453 0.0255694112 -0.201170557 10.6336962 0.0317790494 0.999111054 -0.0276982749 -1.42008933 0.200283499 -0.0335157817 -0.979164548 -26.3089478
-0.979918891 0.0264219002 -0.197638181 10.5976927 0.032458637 0.999098337 -0.0273669541 -1.42682896 0.196736891 -0.0332324613 -0.979892953 -26.488051
-0.980622996 0.0233244914 -0.194510943 10.5630364 0.0298260506 0.999087729 -0.0305633086 -1.43405993 0.193620623 -0.0357725765 -0.98042408 -26.6636768
-0.981127342 0.0165563751 -0.192652601 10.5290533 0.0227547101 0.999290695 -0.030005495 -1.44174347 0.19201917 -0.0338229656 -0.980808159 -26.8411187
-0.98143828 0.00819433586 -0.19160312 10.4958791 0.0140479414 0.999474512 -0.0292122465 -1.44932539 0.19126306 -0.0313616463 -0.981037659 -27.0174088
-0.981554319 0.000961249775 -0.191181054 10.4630231 0.00697729035 0.999501304 -0.0307970845 -1.45694903 0.191056109 -0.031562937 -0.981071529 -27.19419
-0.981701136 -0.000912948401 -0.19042596 10.4298206 0.00518837757 0.999489043 -0.0315393872 -1.46469675 0.190357454 -0.031950254 -0.981194793 -27.3701013
-0.981912745 0.00178312264 -0.189325597 10.3961952 0.00760948309 0.999519376 -0.0300518412 -1.47287263 0.189181017 -0.0309489558 -0.981454383 -27.5518639
-0.982320664 0.00381728123 -0.187167147 10.3628222 0.00911764746 0.99958115 -0.0274662045 -1.48023307 0.186983906 -0.0286871443 -0.981944024 -27.7279681
-0.982644856 0.00238246612 -0.185481563 10.3301379 0.00731291819 0.999637731 -0.0259022963 -1.48715015 0.185352658 -0.0268091697 -0.982306297 -27.904555
-0.982857635 -0.000188474148 -0.184366033 10.2977718 0.00493471185 0.999614316 -0.0273288989 -1.49391287 0.184300077 -0.0277702102 -0.982477632 -28.0810478
-0.983056929 -0.00172299309 -0.183292406 10.2656178 0.00374364005 0.999558523 -0.0294744548 -1.50102553 0.183262271 -0.0296612478 -0.982616482 -28.2575721
-0.983301671 -0.00105806724 -0.181979955 10.2335139 0.00461632704 0.999516292 -0.0307550222 -1.50856815 0.18192447 -0.0310815437 -0.982821156 -28.4344062
-0.983573233 0.00129187813 -0.180504921 10.2017301 0.00679081308 0.999531335 -0.0298495425 -1.51626298 0.180381762 -0.0305849862 -0.98312104 -28.6102081
-0.983837117 0.00308193088 -0.179039183 10.1698139 0.00829164193 0.999563465 -0.0283571422 -1.52361393 0.178873631 -0.0293833379 -0.983433192 -28.7872598
-0.984065063 0.00329598064 -0.177778198 10.1383415 0.00843273622 0.999568243 -0.0281463283 -1.53086921 0.177608671 -0.029196975 -0.983667981 -28.9642385
-0.984263657 0.00271277899 -0.1766853 10.1077516 0.00775288716 0.999582276 -0.0278418141 -1.53812144 0.176535965 -0.0287735069 -0.983873538 -29.1387117
-0.984407824 0.00290741125 -0.175877182 10.0769506 0.00770980391 0.999615674 -0.0266282265 -1.54515871 0.175732168 -0.0275690131 -0.984051906 -29.3146714
-0.984563727 0.00261484246 -0.175006942 10.0463911 0.00725092968 0.999639362 -0.0258567051 -1.55200336 0.174876217 -0.026726537 -0.984227616 -29.4912566
-0.984701299 0.001595884 -0.174243523 10.0157485 0.00645661561 0.999605534 -0.0273329144 -1.55893243 0.17413117 -0.0280397797 -0.984323172 -29.6678399
-0.984801116 0.00171207703 -0.173677377 9.98443681 0.00679715731 0.999565294 -0.0286883383 -1.56677304 0.173552761 -0.02943282 -0.984384655 -29.845716
-0.984898394 0.00225995148 -0.173118589 9.95433457 0.00722547296 0.999580184 -0.0280579574 -1.57408438 0.172982501 -0.0288851008 -0.984501247 -30.022175
-0.984993781 0.0018368553 -0.172580061 9.92440717 0.00654636209 0.999621425 -0.026723632 -1.58118426 0.172465639 -0.0274523829 -0.984632911 -30.1983882
-0.985019782 0.000611370456 -0.172440295 9.89469447 0.00521083367 0.999642579 -0.0262213789 -1.58807018 0.17236263 -0.0267271346 -0.984670901 -30.3744505
-0.984975993 7.46111777e-05 -0.172691306 9.86477886 0.00463335612 0.999651328 -0.025995283 -1.59480867 0.172629154 -0.02640487 -0.984632905 -30.5507173
-0.984915504 9.27412908e-05 -0.173035952 9.83504134 0.00473164777 0.99964035 -0.026396626 -1.60172023 0.172971271 -0.0268171914 -0.984561718 -30.7271763
-0.984886619 0.000625262869 -0.173199184 9.80488732 0.00531172848 0.99963215 -0.0265960689 -1.60864272 0.173118843 -0.0271140994 -0.984527649 -30.9043469
-0.98484345 0.000602651021 -0.173444562 9.77489552 0.00502076137 0.999673964 -0.025035143 -1.61556982 0.173372926 -0.0255265203 -0.984525381 -31.0812291
-0.984784078 -8.35012496e-05 -0.173782372 9.74510707 0.00406170974 0.999715654 -0.0234971162 -1.62217203 0.17373492 -0.0238454395 -0.984503719 -31.257429
-0.984722242 -0.000663316194 -0.174131176 9.71494251 0.00345494672 0.999721471 -0.0233461602 -1.62852937 0.174098161 -0.0235910972 -0.984445677 -31.43444
-0.984694605 -0.00141916602 -0.174282877 9.68373491 0.00275586919 0.999715052 -0.0237111713 -1.63554797 0.174266865 -0.0238285633 -0.984410107 -31.6143772
-0.984691204 -0.00127452585 -0.17430321 9.65345863 0.00306133009 0.999692582 -0.0246042447 -1.64199246 0.174280985 -0.024761183 -0.98438459 -31.7907942
-0.984717165 -0.000399865265 -0.174160689 9.62319636 0.00393573356 0.999690901 -0.0245481693 -1.64867139 0.174116672 -0.0248584537 -0.984411216 -31.9674379
-0.984755246 -0.000367224661 -0.173945307 9.59274372 0.00390000444 0.999699782 -0.024189582 -1.65544594 0.173901968 -0.0244992052 -0.984458173 -32.1438806
-0.984770146 -0.000604973017 -0.173860271 9.56244858 0.00373944983 0.999688918 -0.0246593621 -1.66226237 0.173821104 -0.0249339454 -0.984461539 -32.3204422
-0.984791654 -0.00150362822 -0.17373295 9.53217958 0.00294040956 0.999675086 -0.0253194945 -1.66897634 0.173714572 -0.0254452729 -0.98446726 -32.4973528
-0.98481258 -0.00151992123 -0.173614145 9.50199468 0.00277718506 0.999695843 -0.0245052944 -1.67571538 0.173598585 -0.0246152808 -0.984508821 -32.6746428
-0.984884976 -0.00129888874 -0.173204783 9.47173284 0.00276627638 0.999726394 -0.0232268263 -1.68239347 0.173187562 -0.0233548846 -0.984611912 -32.8516361
-0.984941265 -0.00107106086 -0.172885964 9.44149812 0.00272940162 0.999759862 -0.021743257 -1.68866501 0.172867735 -0.0218877063 -0.98470182 -33.0286502
-0.984988699 -0.000748432406 -0.172617214 9.41154222 0.0031943654 0.999740334 -0.0225623609 -1.69488971 0.172589278 -0.022775073 -0.98473054 -33.2045013
-0.985035363 0.000274268163 -0.172352135 9.38139179 0.00427991441 0.999729289 -0.0228698829 -1.70103595 0.172299205 -0.0232652957 -0.984769877 -33.3811798
-0.985081262 0.000876928144 -0.172087588 9.35152963 0.00478516325 0.999739934 -0.0222972186 -1.70727682 0.172023281 -0.0227880395 -0.984829273 -33.5578991
-0.985112341 0.000394025531 -0.171911374 9.32177193 0.00417560778 0.99975719 -0.0216362235 -1.71338748 0.171861107 -0.0220319452 -0.984874791 -33.7344782
-0.98510661 -0.000404241328 -0.171944185 9.29203431 0.00337298389 0.999759379 -0.021675015 -1.71958601 0.171911574 -0.0219321655 -0.98486821 -33.9112619
-0.985054151 -0.000443776644 -0.172244369 9.26185177 0.00343392185 0.999747338 -0.0222141572 -1.72648015 0.172210708 -0.0224736214 -0.984803741 -34.0891088
-0.985050706 -0.00058751475 -0.172263637 9.2318741 0.00307694734 0.999774644 -0.0210046158 -1.73247921 0.172237157 -0.0212206577 -0.984826911 -34.2660068
-0.985017554 -0.000667468659 -0.172452815 9.20180527 0.00267666465 0.99981288 -0.0191583155 -1.73832097 0.172433333 -0.0193328754 -0.98483145 -34.4427825
-0.984935491 -0.00154694437 -0.172915253 9.17188041 0.00168151309 0.999827026 -0.0185227078 -1.74377671 0.172913997 -0.0185344316 -0.984762522 -34.618855
-0.984865023 -0.00250641993 -0.173304949 9.14158268 0.00107098209 0.999788342 -0.0205456466 -1.74933942 0.173319763 -0.0204202952 -0.984653884 -34.7964062
-0.984801093 -0.00304287741 -0.173659287 9.11109668 0.00102636115 0.999727112 -0.0233377017 -1.75545756 0.173682911 -0.0231612313 -0.984529229 -34.9728265
-0.984793464 -0.00277836723 -0.173706979 9.08069558 0.00137760811 0.999715789 -0.023800063 -1.76200832 0.173723735 -0.0236774466 -0.984509747 -35.150959
-0.984803624 -0.00173207051 -0.173662953 9.05014548 0.00195025379 0.999776922 -0.0210309745 -1.76813559 0.17366064 -0.0210500667 -0.984580559 -35.327545
-0.984801108 -0.000592767228 -0.173684848 9.01965741 0.00278682563 0.999811516 -0.0192136764 -1.773964 0.173663501 -0.0194056792 -0.984613837 -35.5047244
-0.984806538 -8.16877476e-05 -0.173655047 8.98914647 0.0033523337 0.999804596 -0.0194815641 -1.77956311 0.173622706 -0.0197677213 -0.984613829 -35.6825519
-0.984794517 2.9488839e-05 -0.173723222 8.95868248 0.0035948422 0.999789323 -0.0202085721 -1.78528935 0.173686027 -0.0205257986 -0.98458715 -35.859443
-0.984800247 0.000668662139 -0.173689451 8.92814929 0.00433161468 0.999776123 -0.0207108879 -1.79110425 0.173636718 -0.0211484433 -0.98458267 -36.0362854
