24 0.99990811 0.00251087021 0.0133216757 -0.00593379817 -0.0024643414 0.999990811 -0.00350798076 0.0235149599 -0.0133303614 0.00347482926 0.999905109 -0.000992396323
31 0.598571765 0.0161468863 0.800906436 -0.716563681 0.00776702488 0.999632856 -0.025958188 0.0511642506 -0.801031532 0.0217584986 0.59822659 0.204978447
32 0.564054607 0.0153895234 0.825594066 -0.705387772 0.0131984799 0.999530553 -0.0276491355 0.0515912892 -0.825632 0.0264922089 0.563586695 0.233848202
33 0.529998097 0.0156577198 0.847854264 -0.690194097 0.0181291275 0.999391795 -0.0297888456 0.0531831183 -0.84780502 0.0311588895 0.529391889 0.264317108
35 0.463605474 0.0160420274 0.885896505 -0.657913003 0.0236777687 0.999254714 -0.0304857447 0.0540360248 -0.885725312 0.0351094107 0.462880116 0.314557849
37 0.406800754 0.0163621455 0.913370367 -0.614123736 0.0369120559 0.998728623 -0.0343313035 0.0554818322 -0.912770862 0.0476803781 0.405679597 0.358914815
39 0.361152909 0.0134773101 0.932409212 -0.563843169 0.0508455831 0.99812347 -0.0341213379 0.0537795118 -0.931119382 0.0597319105 0.359789933 0.390036081
41 0.327671153 0.0113725776 0.944723388 -0.508152508 0.06173085 0.997533186 -0.033419245 0.0527724814 -0.942772994 0.0692691003 0.32616081 0.422825998
43 0.300731152 0.00873650049 0.95366894 -0.449074977 0.0659100999 0.997376853 -0.029921079 0.0502772503 -0.951428732 0.0718546157 0.299366467 0.442943982
45 0.277389999 0.0119220646 0.96068343 -0.388655005 0.0677148393 0.997193736 -0.0319272993 0.0482167827 -0.958368138 0.0739088376 0.275804269 0.463764759
47 0.256814815 0.01906318 0.966272604 -0.321669373 0.0720986417 0.996641578 -0.0388246101 0.0472097335 -0.963767574 0.0796376773 0.254577893 0.492729649
49 0.242982893 0.0211718385 0.969799498 -0.258274426 0.0729645417 0.996530603 -0.0400366473 0.0447110181 -0.967282528 0.0804891964 0.240595096 0.511567424
51 0.231751441 0.0249601986 0.972454759 -0.191333027 0.0752895255 0.996211893 -0.0435126697 0.0424192132 -0.969857081 0.0832997813 0.2289943 0.53406394
53 0.221964031 0.0259238246 0.974710174 -0.115999275 0.0799448014 0.995796986 -0.0446899375 0.0396408602 -0.971771988 0.08784257 0.218958638 0.56528872
55 0.215676051 0.0225523252 0.976204504 -0.0464916164 0.0830488981 0.995687201 -0.0413506798 0.0365175461 -0.972926884 0.0899910597 0.212872937 0.587636228
57 0.209877912 0.0225942474 0.977466502 0.0332312241 0.090809817 0.994961097 -0.0424969776 0.0327489096 -0.97350133 0.0976827311 0.206768578 0.616838142
59 0.20747469 0.0230078927 0.97796978 0.106386085 0.095972787 0.994421786 -0.0437554155 0.0288023119 -0.973521174 0.102936627 0.204109221 0.639975541
61 0.206258578 0.0238657481 0.978206433 0.189032374 0.103208901 0.993595305 -0.0460031901 0.0238571149 -0.973039219 0.110448163 0.202474397 0.671078102
63 0.205525931 0.022724514 0.9783878 0.268115413 0.108431432 0.993046358 -0.0458427291 0.0187744674 -0.972626196 0.11550986 0.201632726 0.69954943
65 0.203748762 0.023022356 0.978752478 0.355534429 0.116666497 0.992028799 -0.0476213298 0.0126776202 -0.972047 0.12389041 0.199438702 0.732746779
67 0.201729723 0.0200370854 0.97923625 0.440894489 0.124563928 0.991147402 -0.0459418774 0.00656184987 -0.971488006 0.131245356 0.197447993 0.764634339
69 0.198447582 0.0176036074 0.979953402 0.532749144 0.136522257 0.989595056 -0.0454235422 -0.000392054373 -0.97055666 0.142799643 0.193979461 0.800430598
71 0.194623147 0.0177880481 0.980716787 0.625295785 0.145882938 0.988190766 -0.0468740639 -0.00831634164 -0.969969071 0.152192624 0.189729825 0.836841094
73 0.189060257 0.0158950353 0.981836833 0.723460234 0.156989093 0.986519111 -0.046200298 -0.0171194325 -0.969335156 0.162872314 0.184016209 0.876133943
74 0.185738632 0.015016913 0.982484429 0.773598096 0.163338219 0.985499848 -0.0459420848 -0.0223091344 -0.968928164 0.169010477 0.180592558 0.896668885
76 0.17789942 0.0142657994 0.983945264 0.876774913 0.177963831 0.98294118 -0.0464274849 -0.0336370361 -0.967822645 0.183366091 0.172325869 0.941015165
78 0.166075961 0.0146655881 0.986003903 0.986313935 0.191644984 0.980344971 -0.0468608291 -0.0478369977 -0.967311209 0.196745159 0.160001146 0.990148171
79 0.158857601 0.0146959283 0.987192125 1.04240644 0.199358373 0.978815538 -0.0466517051 -0.0560274648 -0.966964581 0.204215994 0.152562532 1.01629493
80 0.15080374 0.013451786 0.988472196 1.10012715 0.208492977 0.976983286 -0.0451036366 -0.0652002637 -0.966327538 0.212891308 0.14452813 1.04483953
82 0.135352981 0.0107462597 0.990739163 1.21719426 0.226809833 0.973052755 -0.041540767 -0.0858386303 -0.96448788 0.230332051 0.129268234 1.09839785
84 0.117458972 0.00991031241 0.993028285 1.34119467 0.245888893 0.968523134 -0.0387503799 -0.108986534 -0.962154895 0.248726205 0.111324896 1.14812188
85 0.106015127 0.00896836761 0.994324073 1.4060584 0.257570389 0.965582274 -0.0361713604 -0.122076702 -0.960426097 0.25994315 0.100056342 1.17292122
86 0.0928172916 0.00705177653 0.995658186 1.47400116 0.269095749 0.962584887 -0.0319031898 -0.136512197 -0.958630496 0.270888553 0.0874469191 1.19813007
87 0.0796229027 0.00401488071 0.996816971 1.54298952 0.280855254 0.959389774 -0.0262980535 -0.15277298 -0.956441592 0.282055211 0.0752617983 1.22208896
88 0.0667557323 0.00236532459 0.997766545 1.61817821 0.294454043 0.955413176 -0.0219654163 -0.169904779 -0.953331259 0.295262711 0.0630828268 1.24295643
89 0.0537094416 0.000200094618 0.998556586 1.69740974 0.310018121 0.950581044 -0.0168654501 -0.18818563 -0.949212337 0.31047647 0.0509931441 1.26121209
90 0.0387116497 -0.0030607766 0.999245735 1.78078517 0.328648298 0.944401124 -0.00983933841 -0.210777463 -0.94365868 0.328781308 0.0375652445 1.27888302
91 0.020764012 -0.00840216222 0.999749098 1.86687862 0.349149784 0.937066721 0.000623792801 -0.236236087 -0.93683685 0.34904923 0.0223908778 1.29714988
92 0.00461150571 -0.0159957245 0.999861426 1.96076318 0.372024613 0.928129964 0.0131323374 -0.263299537 -0.92821141 0.3719125 0.0102308798 1.30617817
93 -0.01283365 -0.0258015881 0.999584702 2.06309902 0.397533763 0.91713618 0.0287773303 -0.292070049 -0.917497795 0.397737986 -0.00151320234 1.30826631
94 -0.0277360129 -0.0353213199 0.99899105 2.16378232 0.422037949 0.905522669 0.0437340313 -0.31557427 -0.906153786 0.422825141 -0.010208651 1.30430795
95 -0.0451322336 -0.0449364572 0.997969837 2.26837494 0.446810988 0.892587269 0.0603979051 -0.337694733 -0.89348924 0.448629782 -0.0202063543 1.29851883
96 -0.0614422747 -0.055208318 0.996582605 2.37705323 0.477162355 0.875354759 0.0779110573 -0.358816616 -0.876664664 0.480318736 -0.0274404565 1.28332542
97 -0.0826200727 -0.0665845842 0.994354271 2.48850283 0.508728177 0.855154247 0.0995331863 -0.379255117 -0.856953654 0.514079475 -0.036779452 1.26678131
98 -0.103698066 -0.0822449659 0.991202541 2.6105258 0.547259835 0.827437809 0.12591007 -0.395548459 -0.830513928 0.55550197 -0.0407943344 1.23774254
99 -0.127249688 -0.100638076 0.986751992 2.73394416 0.588495073 0.793153343 0.156784321 -0.410397365 -0.798424114 0.600649442 -0.0417035039 1.20500371
100 -0.153064341 -0.120334381 0.980862347 2.86602925 0.633883651 0.749506812 0.19086921 -0.415909397 -0.758131139 0.650967876 -0.0384447692 1.16353927
101 -0.182551156 -0.138864162 0.973340547 2.99038334 0.663485808 0.713180749 0.226185326 -0.421559783 -0.725576776 0.687088032 -0.0380575697 1.14023546
102 -0.209677373 -0.158839449 0.964782581 3.12756749 0.68507746 0.680159185 0.260868466 -0.418718576 -0.697641938 0.715649015 -0.0337966647 1.1183387
103 -0.242951485 -0.181255059 0.952953923 3.26270585 0.705404945 0.641331807 0.301823421 -0.413482475 -0.665866683 0.745546858 -0.0279543 1.09727348
104 -0.279872997 -0.199288845 0.939124625 3.37885498 0.70643809 0.619649516 0.342022957 -0.41477439 -0.65008948 0.759156396 -0.032637936 1.09618441
105 -0.304871561 -0.203136721 0.930477729 3.47125812 0.705539533 0.608089219 0.363925088 -0.398137597 -0.639740024 0.767439232 -0.0420681227 1.09595977
106 -0.336938148 -0.200154321 0.920005941 3.54955955 0.696698454 0.604266354 0.386617948 -0.383637381 -0.633311889 0.771233052 -0.0641531801 1.10229972
107 -0.374303168 -0.194575275 0.906662893 3.63404485 0.683838487 0.602451619 0.411602928 -0.364548799 -0.626308281 0.77407526 -0.0924414882 1.10800416
108 -0.425301989 -0.183540907 0.886245425 3.73394741 0.660501707 0.606516067 0.442578531 -0.339412138 -0.618753355 0.773596145 -0.136723407 1.11806063
109 -0.491464429 -0.171030104 0.853938767 3.82954365 0.62730744 0.610635055 0.483332396 -0.313948116 -0.604109336 0.773222822 -0.192816952 1.12384401
110 -0.549322952 -0.156782111 0.820770165 3.91873518 0.588234963 0.62507244 0.513092655 -0.27960448 -0.593484559 0.76465928 -0.251141919 1.11993043
111 -0.549721032 -0.15724355 0.820415293 3.9459308 0.58830917 0.624366861 0.513866075 -0.261084755 -0.593042247 0.76514083 -0.250719773 1.10732248
112 -0.554177271 -0.157225977 0.81741516 3.98690504 0.58489716 0.625162267 0.516785693 -0.236123707 -0.59226925 0.764494691 -0.254489691 1.09561225
113 -0.557783356 -0.157885558 0.814831196 4.0270453 0.582454211 0.624940833 0.519803855 -0.211130928 -0.591290808 0.7645398 -0.256620487 1.08283171
114 -0.561598568 -0.157613063 0.8122593 4.06715371 0.580380124 0.624636412 0.522482789 -0.18609337 -0.589716847 0.764844739 -0.259319425 1.07031094
115 -0.565149764 -0.156545489 0.80999954 4.10729257 0.578955072 0.62419864 0.524582771 -0.160677828 -0.587721677 0.765421171 -0.262132909 1.05720767
116 -0.568303263 -0.155279059 0.808034538 4.14643953 0.577217901 0.624616266 0.525998113 -0.135575495 -0.586388008 0.765338444 -0.26534161 1.04451686
117 -0.571373255 -0.153953664 0.80612088 4.18662493 0.575162257 0.625549772 0.527139318 -0.109927063 -0.585423762 0.764843613 -0.268874073 1.0311273
118 -0.574414129 -0.152897657 0.804158389 4.22667492 0.573708903 0.625534913 0.528738279 -0.0841650765 -0.583871992 0.765067565 -0.271597345 1.01752619
119 -0.577246023 -0.152202447 0.80226021 4.26662248 0.571705009 0.626173052 0.530151574 -0.0582588487 -0.583044091 0.764684068 -0.274441002 1.00396543
120 -0.580207156 -0.152208943 0.80012005 4.30686542 0.569834279 0.6260471 0.532309987 -0.0320136212 -0.581935177 0.764785896 -0.276503134 0.989910452
121 -0.58328257 -0.152154195 0.797891311 4.34682484 0.567622023 0.626293246 0.534380023 -0.00558971607 -0.581022101 0.764595233 -0.278939863 0.975817689
122 -0.586762866 -0.150890798 0.795576085 4.38701096 0.566821792 0.625110876 0.536609215 0.0209335789 -0.578292656 0.765812222 -0.281263656 0.961434497
123 -0.589768211 -0.150072454 0.793505964 4.42718595 0.566230994 0.623747962 0.538814385 0.0477164837 -0.575808925 0.767083267 -0.282891045 0.946964672
124 -0.592155813 -0.150188617 0.791703778 4.46748304 0.565168648 0.622916421 0.540887725 0.0747224017 -0.574400463 0.767735965 -0.283981682 0.932374036
125 -0.594529848 -0.150770068 0.789811779 4.50783924 0.56318065 0.623000861 0.542860463 0.102052544 -0.573900527 0.76755346 -0.285481822 0.917891535
126 -0.596728153 -0.150717957 0.788162172 4.54834277 0.561001141 0.623926244 0.544053087 0.129371506 -0.573753634 0.766811671 -0.28776141 0.902947128
127 -0.599029904 -0.149512792 0.786644201 4.58880849 0.558782089 0.625598269 0.544416554 0.156799568 -0.573520489 0.765684486 -0.291207001 0.887932552
128 -0.601622894 -0.148148597 0.78492158 4.62924661 0.556601061 0.627055994 0.544973431 0.18449199 -0.57292683 0.764756677 -0.294791575 0.872821024
129 -0.604164821 -0.147705782 0.783050363 4.66996167 0.554152154 0.628271702 0.546067815 0.212273486 -0.572625758 0.763844009 -0.297728183 0.857318691
130 -0.606646773 -0.147605642 0.781148044 4.71068765 0.551192654 0.62997386 0.547101082 0.240211148 -0.572858055 0.76246017 -0.300812464 0.841684553
131 -0.609950338 -0.147007977 0.778684301 4.75134281 0.549436789 0.62963909 0.549248423 0.26833966 -0.571033974 0.762852063 -0.303276985 0.825830989
132 -0.612917882 -0.147807235 0.776198874 4.79223241 0.546874843 0.629688869 0.551742544 0.296998767 -0.570315331 0.762656508 -0.305115509 0.810018752
133 -0.615866316 -0.148515668 0.773725906 4.83290564 0.544627892 0.629374575 0.554317692 0.325459887 -0.569288275 0.762778304 -0.306724826 0.793666418
134 -0.619112186 -0.148602463 0.771114394 4.87358516 0.542340613 0.629248994 0.55669773 0.354167654 -0.56794961 0.762865002 -0.30898257 0.777266278
135 -0.621970581 -0.148813579 0.768769872 4.91428363 0.539537327 0.630080923 0.558477845 0.383095721 -0.567496317 0.762136831 -0.311601316 0.760863294
136 -0.624868404 -0.148595133 0.766458717 4.95496135 0.536907062 0.630937196 0.560043804 0.412105366 -0.566807097 0.761470775 -0.314470942 0.744051001
137 -0.62767741 -0.147914416 0.764292087 4.99572761 0.534948759 0.631301739 0.561505066 0.441482928 -0.565553618 0.761301149 -0.317127208 0.727400573
138 -0.630084668 -0.147188096 0.762449326 5.03626969 0.533759979 0.63104909 0.562918582 0.47072697 -0.563997868 0.761651305 -0.319051242 0.710182511
139 -0.632351029 -0.147031649 0.760600993 5.07677501 0.532893831 0.630066088 0.564837047 0.500190606 -0.562277815 0.762494865 -0.32007068 0.692944178
140 -0.634696764 -0.147072265 0.758636782 5.11727923 0.532029181 0.628835724 0.567019032 0.529832114 -0.560450684 0.76350205 -0.320873263 0.675620203
141 -0.637046555 -0.145999468 0.756872408 5.15777216 0.531184384 0.628389638 0.568304156 0.55976317 -0.558582883 0.764075009 -0.322760816 0.65814748
142 -0.639168274 -0.145413215 0.755194621 5.1982591 0.5294759 0.628984358 0.569239799 0.589635247 -0.557780592 0.763697371 -0.325034053 0.640611297
143 -0.641239568 -0.145459416 0.75342775 5.2387354 0.527529434 0.629472074 0.570506445 0.619581848 -0.557247263 0.763286621 -0.326908277 0.622879462
144 -0.64348151 -0.14441397 0.751715473 5.27901833 0.525755705 0.630365363 0.571157113 0.649650954 -0.556338463 0.76274774 -0.329701987 0.605084186
145 -0.645803896 -0.143568777 0.749883547 5.31938883 0.523862262 0.631180852 0.571995684 0.679735493 -0.555432857 0.762232733 -0.332408788 0.58706552
146 -0.647491535 -0.144372546 0.748272197 5.35969307 0.520914395 0.632838303 0.572855894 0.709791901 -0.556239971 0.7607051 -0.334551707 0.568948307
147 -0.650124119 -0.143210682 0.746209977 5.39960574 0.519600005 0.63276262 0.57413178 0.739903657 -0.554395585 0.760987626 -0.33696197 0.551013679
148 -0.652490077 -0.143155171 0.744152737 5.43986831 0.518836396 0.631342712 0.576381101 0.770267166 -0.552327342 0.762176474 -0.337670742 0.532486159
149 -0.654641067 -0.143778567 0.742140685 5.47994079 0.517465913 0.63044225 0.578594503 0.800742539 -0.551066332 0.76280423 -0.33831288 0.514024019
150 -0.65691021 -0.144511464 0.739990144 5.51999108 0.514979389 0.63085498 0.580360426 0.831440745 -0.550695202 0.762324361 -0.339994652 0.495462145
151 -0.659170083 -0.14468047 0.737944689 5.55987727 0.512265554 0.632018924 0.581494696 0.862121017 -0.550525934 0.761327552 -0.342493145 0.476855103
152 -0.661690076 -0.145719122 0.735480918 5.59973384 0.509114447 0.632799486 0.583410054 0.893021302 -0.550425947 0.760480604 -0.34452943 0.458202939
153 -0.664361892 -0.146578278 0.732897049 5.63946181 0.506319122 0.633039111 0.585578715 0.923902664 -0.549785616 0.760115973 -0.346351676 0.43933823
154 -0.667138061 -0.14655236 0.730376077 5.67902109 0.503719604 0.633577846 0.58723562 0.954903281 -0.548810867 0.759671981 -0.348862599 0.42037597
155 -0.670050452 -0.14697482 0.727619952 5.7183371 0.500927914 0.633848448 0.589327897 0.985996484 -0.547817138 0.759364568 -0.351086649 0.401518745
156 -0.673029866 -0.147883762 0.724680062 5.75767755 0.497717096 0.634201982 0.591663366 1.01720412 -0.547090936 0.758892772 -0.353232598 0.382220393
157 -0.676007083 -0.148283988 0.721821503 5.79679796 0.494620132 0.634786265 0.593630628 1.04843262 -0.546228293 0.758325957 -0.355775766 0.362945723
158 -0.679125535 -0.147648965 0.719018978 5.83576358 0.492130861 0.635193638 0.595261503 1.07981762 -0.544606026 0.758108716 -0.358713607 0.343468889
159 -0.681963895 -0.147157546 0.716428575 5.87449973 0.490086786 0.635164846 0.59697618 1.11133723 -0.542899795 0.758228379 -0.361039524 0.323968522
160 -0.684882442 -0.147360926 0.713597083 5.91321055 0.487481407 0.635224645 0.599042175 1.14293108 -0.541569864 0.758138778 -0.363218495 0.304194477
161 -0.687583015 -0.14754698 0.71095674 5.9518116 0.484249034 0.636409575 0.600404635 1.17469607 -0.541047568 0.757108144 -0.366134932 0.284344675
162 -0.69062552 -0.147043681 0.708106311 5.99033493 0.482146589 0.636168305 0.602349197 1.20674083 -0.539046434 0.757408769 -0.368457457 0.264297061
163 -0.693428893 -0.146419801 0.705491043 6.02871257 0.480180695 0.636100409 0.603989048 1.23882218 -0.537199097 0.757586637 -0.370782441 0.244120493
164 -0.696391366 -0.145055968 0.702849793 6.06700479 0.4786423 0.635849613 0.605472393 1.27101735 -0.534734152 0.758059388 -0.373370258 0.223784282
165 -0.699367423 -0.142725065 0.700367592 6.10519489 0.477746182 0.635481096 0.606566041 1.30336481 -0.531642543 0.758810472 -0.376248421 0.203247883
166 -0.701817854 -0.141673908 0.698126209 6.14333122 0.476596426 0.63499413 0.607978866 1.3358465 -0.529440786 0.759414879 -0.37812894 0.182528167
167 -0.704347568 -0.139424928 0.696028155 6.18143392 0.475753615 0.634993775 0.608638976 1.36849298 -0.526832991 0.759831294 -0.380924408 0.161683109
168 -0.706682917 -0.136882748 0.69416307 6.2195101 0.47506802 0.635254155 0.60890273 1.40132789 -0.524318253 0.760075833 -0.383894644 0.140622608
169 -0.709124285 -0.136084483 0.691826395 6.25768216 0.473652859 0.634892092 0.610381029 1.43439753 -0.522298494 0.760521561 -0.385760597 0.119426149
170 -0.711736371 -0.135209239 0.689311105 6.29608917 0.471493928 0.6354449 0.611476292 1.46787517 -0.52069647 0.760215917 -0.388518912 0.0980369628
171 -0.714140001 -0.135609816 0.686741608 6.33429446 0.468677255 0.636078418 0.612981139 1.50136794 -0.519947776 0.759614523 -0.390691806 0.0764341882
172 -0.716974054 -0.134270535 0.684046511 6.3725567 0.466875087 0.636201113 0.614227806 1.53509703 -0.517663848 0.759749674 -0.393452123 0.0546216277
173 -0.719340564 -0.134314637 0.681548774 6.41087847 0.464133939 0.63705729 0.615416685 1.56901932 -0.516845084 0.759024102 -0.395921168 0.0325472265
174 -0.721283836 -0.135055323 0.679345043 6.44933971 0.461154908 0.638177168 0.616494974 1.60319236 -0.516803423 0.757951161 -0.398025451 0.0102807502
175 -0.723591691 -0.134152632 0.677065829 6.48775293 0.460147479 0.637391122 0.618058941 1.63760496 -0.514469982 0.758772449 -0.399480924 -0.0122467867
176 -0.725522819 -0.133636021 0.675098551 6.52624674 0.459442026 0.636293039 0.619712993 1.67242083 -0.512376487 0.759784563 -0.400247115 -0.0349567119
177 -0.72730779 -0.133215517 0.673258498 6.5647605 0.45855912 0.635550998 0.621126768 1.70727409 -0.510633833 0.760479162 -0.401154001 -0.0578451135
178 -0.728882997 -0.13354184 0.671488015 6.60336553 0.456937673 0.635494915 0.62237784 1.74240418 -0.509840701 0.760468796 -0.402181141 -0.0808032788
179 -0.730646957 -0.134305665 0.669415426 6.64202293 0.454924221 0.635342927 0.624005865 1.77775585 -0.509115879 0.760461277 -0.403112476 -0.103895537
180 -0.732805556 -0.133684264 0.667176539 6.68081951 0.453928997 0.63439157 0.625696254 1.81350312 -0.506896915 0.761364468 -0.404202503 -0.127222971
181 -0.734610558 -0.1338651 0.665152211 6.71960739 0.452255631 0.634185573 0.627115223 1.84936324 -0.505778779 0.761504296 -0.405338172 -0.150699683
182 -0.73608386 -0.133650096 0.663564769 6.7584326 0.450294391 0.635246863 0.627452296 1.88543868 -0.505386498 0.760657002 -0.407413075 -0.174366091
183 -0.737775547 -0.132010201 0.662012499 6.7972436 0.448313279 0.63737103 0.626716343 1.92165804 -0.504680539 0.759164987 -0.411054834 -0.198263537
184 -0.740068308 -0.133226811 0.659203699 6.8362224 0.444786895 0.638242924 0.628339548 1.95809281 -0.504443771 0.758219352 -0.413085821 -0.222408583
185 -0.743085205 -0.13549306 0.655336562 6.87528471 0.440147698 0.638699577 0.631136162 1.99481531 -0.504077754 0.757432823 -0.414971247 -0.246853567
186 -0.746557087 -0.137866048 0.650880533 6.91420643 0.435274536 0.638669154 0.634537462 2.03169635 -0.503178492 0.757030161 -0.416793403 -0.271310719
187 -0.749936244 -0.139580809 0.646616446 6.95312001 0.430804388 0.638730696 0.637519158 2.06907318 -0.501999213 0.756663925 -0.418875274 -0.296208247
188 -0.753315756 -0.139207051 0.642757162 6.99187116 0.427849902 0.638506599 0.639729462 2.10672789 -0.499459541 0.756921872 -0.421437359 -0.321308321
189 -0.756797589 -0.137349262 0.639056015 7.03053448 0.426172291 0.637618545 0.641731851 2.14474901 -0.495615362 0.758009084 -0.424013728 -0.346723762
190 -0.759985396 -0.135938952 0.635564945 7.06926636 0.424038715 0.637382369 0.643377715 2.18316943 -0.492557982 0.75846181 -0.426757913 -0.372368305
191 -0.762803588 -0.135847421 0.632199466 7.10763905 0.421566955 0.636868119 0.645507785 2.22149935 -0.490318253 0.758910058 -0.428536503 -0.398261631
192 -0.765849667 -0.136676378 0.628326233 7.14620736 0.418636326 0.635712149 0.648547369 2.26024544 -0.488075725 0.759729973 -0.429642241 -0.42441667
193 -0.768534632 -0.138579617 0.624620052 7.18428889 0.414662356 0.635589347 0.651215259 2.29883625 -0.487247012 0.759487901 -0.431008674 -0.450637575
194 -0.771211538 -0.139035217 0.621210087 7.22230134 0.411286768 0.636007108 0.652945751 2.33767934 -0.485876485 0.759054785 -0.433312675 -0.477030556
195 -0.774269314 -0.139173961 0.617363457 7.26012189 0.408130718 0.635745585 0.655176975 2.37670046 -0.483669667 0.759248418 -0.435437129 -0.503591882
196 -0.777480832 -0.138559569 0.613453178 7.29795588 0.4056581 0.634899962 0.65752836 2.41606044 -0.480588245 0.760067947 -0.437414739 -0.530246825
197 -0.780500826 -0.139124248 0.609477567 7.33523942 0.402503491 0.634133744 0.660200981 2.45543305 -0.478340257 0.760604259 -0.438943915 -0.557150011
198 -0.78297776 -0.140355503 0.606008383 7.3724974 0.398690219 0.634574004 0.662089074 2.49498377 -0.477485011 0.760010635 -0.440898966 -0.584119974
199 -0.785424733 -0.141028682 0.602676447 7.40974357 0.395865269 0.63405814 0.664274766 2.53489349 -0.475813702 0.760316504 -0.442176588 -0.611153831
200 -0.787566539 -0.141593278 0.599741853 7.44661754 0.393523103 0.633388659 0.666302014 2.57488512 -0.474213575 0.760769446 -0.443115487 -0.638491714
201 -0.789243091 -0.142991824 0.597200705 7.48349582 0.389789642 0.634819954 0.667133916 2.6150156 -0.474509619 0.759313483 -0.44529053 -0.665696849
202 -0.790825411 -0.145183269 0.594572946 7.52025383 0.38497925 0.637212911 0.667645627 2.65514472 -0.475800532 0.756889374 -0.448031617 -0.693180404
203 -0.792618326 -0.146841217 0.591771786 7.55688603 0.380340483 0.639504535 0.668113064 2.69531096 -0.476547276 0.754633426 -0.451033354 -0.72072798
204 -0.794403307 -0.149564841 0.588688155 7.59353545 0.376467302 0.639343177 0.670457062 2.73573452 -0.476650559 0.754235149 -0.451590062 -0.748493295
205 -0.796875997 -0.14990745 0.585249008 7.62986911 0.374042692 0.638308912 0.672795509 2.77628259 -0.474426717 0.755042707 -0.452581265 -0.776449677
206 -0.798881894 -0.149865526 0.582518707 7.66604887 0.371377262 0.638918886 0.673692502 2.8169384 -0.473145484 0.754534944 -0.454764081 -0.804526687
207 -0.800757254 -0.151461786 0.579523207 7.70217495 0.367551307 0.639695097 0.675052754 2.85769587 -0.47296285 0.753557901 -0.456570511 -0.832706611
208 -0.802564381 -0.154817652 0.576126643 7.73807502 0.363616084 0.638664422 0.678152711 2.89885177 -0.4729416 0.753750125 -0.456275128 -0.861073166
209 -0.804475263 -0.157469649 0.572732801 7.77373516 0.359343859 0.638734724 0.680360157 2.9397288 -0.472960403 0.753140931 -0.457260534 -0.889255706
210 -0.806507662 -0.158416308 0.569604832 7.80917884 0.35596336 0.639130869 0.681763756 2.98095873 -0.472054528 0.752606143 -0.459073541 -0.917565301
211 -0.808335963 -0.158495991 0.566985001 7.84434455 0.353414502 0.639600306 0.682648986 3.02200568 -0.470840908 0.752190448 -0.460997148 -0.945959393
212 -0.810086442 -0.158826698 0.564388196 7.87937444 0.351273436 0.639243093 0.684087159 3.06377847 -0.469432561 0.752424314 -0.462050563 -0.974842812
213 -0.812094908 -0.15953426 0.561293756 7.91424787 0.348508838 0.638896349 0.685822896 3.10477065 -0.46802078 0.752569116 -0.463245372 -1.00337246
214 -0.813550859 -0.161720224 0.558553104 7.94875639 0.344161798 0.640330152 0.686680387 3.14578163 -0.4687085 0.750882058 -0.465283222 -1.03192567
215 -0.813916294 -0.168115931 0.556127054 7.98313783 0.335166413 0.646003053 0.68581596 3.18666331 -0.474556364 0.744591894 -0.469445598 -1.06046151
216 -0.814908207 -0.169097172 0.554374207 8.01759342 0.327553572 0.654733119 0.681199824 3.22750532 -0.478156118 0.736702578 -0.478159009 -1.08936276
217 -0.818465629 -0.157896419 0.552433467 8.05151487 0.331998849 0.654758018 0.679020399 3.26824018 -0.468925131 0.739162133 -0.483475504 -1.11891114
218 -0.820313187 -0.154208961 0.550732123 8.08469258 0.336079031 0.649177873 0.682362787 3.30888313 -0.462749565 0.744840711 -0.480702772 -1.14839488
219 -0.821658275 -0.161080467 0.546745611 8.11873572 0.33354875 0.6419527 0.690392614 3.35038885 -0.462193586 0.749633119 -0.47373756 -1.17795624
220 -0.822764692 -0.170658734 0.542156673 8.15256193 0.327129363 0.637856484 0.697226997 3.39224873 -0.464806025 0.751009123 -0.468978311 -1.20696154
221 -0.823941338 -0.177195725 0.538258624 8.18604413 0.320483414 0.63764841 0.700496171 3.43422026 -0.467344683 0.749670714 -0.468596594 -1.23572574
222 -0.825723695 -0.17785804 0.535300754 8.21922391 0.317290992 0.638171643 0.701472295 3.47612396 -0.466376249 0.749068403 -0.470520693 -1.26457421
223 -0.828379159 -0.172069776 0.533085322 8.25210617 0.318628487 0.637967803 0.701051332 3.51819566 -0.460721017 0.750592483 -0.4736529 -1.29384292
224 -0.830556162 -0.165547542 0.531761669 8.28385624 0.319940036 0.639706885 0.698865849 3.55960672 -0.455867124 0.750579185 -0.478347209 -1.32288939
225 -0.832613215 -0.163058342 0.529308239 8.31678171 0.318289237 0.641238815 0.698215399 3.60162431 -0.453262833 0.749816484 -0.482004196 -1.35262998
226 -0.834664608 -0.162969971 0.526094841 8.34957922 0.315696242 0.641150761 0.699472362 3.64416094 -0.451299098 0.749910988 -0.483696841 -1.38277165
228 -0.838485749 -0.163366685 0.51985861 8.4139426 0.311729674 0.638681084 0.70349917 3.72829878 -0.446952189 0.751929384 -0.484598744 -1.44233939
229 -0.839789866 -0.162645516 0.51797627 8.44529649 0.310674247 0.638456445 0.704169639 3.77018713 -0.445235322 0.752276415 -0.485639479 -1.47197204
231 -0.841811232 -0.161695765 0.514983814 8.50879618 0.308887687 0.638105518 0.705272815 3.85443617 -0.442653641 0.752778737 -0.487218562 -1.53192408
233 -0.843830495 -0.161203673 0.511823672 8.57145372 0.308805854 0.634162782 0.708855776 3.93870734 -0.438849678 0.756208266 -0.485345256 -1.59164373
235 -0.845524852 -0.161213787 0.509016542 8.6338096 0.306785841 0.63356938 0.710262127 4.02339241 -0.437001342 0.756703347 -0.486240549 -1.65127819
237 -0.846259065 -0.164301413 0.506804342 8.69597428 0.299900085 0.639330784 0.708036784 4.10785938 -0.440347061 0.751173212 -0.491765464 -1.71115257
239 -0.847208952 -0.166430713 0.504517403 8.757781 0.296547272 0.639792443 0.709031272 4.19229399 -0.440791002 0.7503109 -0.492683311 -1.77144363
241 -0.847768792 -0.168976089 0.502727717 8.81943925 0.292571673 0.641617095 0.709034075 4.27688023 -0.442368502 0.74818085 -0.494505332 -1.83197722
242 -0.848226687 -0.16965057 0.501727189 8.85023401 0.29240394 0.639851386 0.71069694 4.31957163 -0.441600978 0.749539117 -0.493132526 -1.86251387
244 -0.848745805 -0.168473494 0.501245689 8.91138915 0.297691679 0.631192547 0.716223173 4.40471426 -0.437047164 0.757108084 -0.485568869 -1.9227081
245 -0.848420582 -0.167434535 0.502143597 8.94179703 0.301377561 0.627072655 0.718297606 4.447463 -0.435148344 0.760753286 -0.481560335 -1.95236802
246 -0.846316124 -0.17160023 0.504284026 8.97253123 0.299143638 0.630204896 0.716487873 4.49022363 -0.440751746 0.757228598 -0.482019448 -1.98183759
247 -0.844503783 -0.175089734 0.506119497 9.00344349 0.29527503 0.636202124 0.712782936 4.53274214 -0.446795274 0.751392336 -0.485575474 -2.01139874
248 -0.842578372 -0.178367154 0.508179935 9.03458647 0.293764486 0.63863749 0.711227519 4.57532146 -0.451402386 0.748550142 -0.485704201 -2.04129458
249 -0.840544098 -0.179156362 0.51126179 9.06566854 0.295038621 0.640114755 0.709369659 4.61756149 -0.454354303 0.747098453 -0.485186633 -2.07098916
250 -0.839008027 -0.177942037 0.514200507 9.09697341 0.298848117 0.639021825 0.708760122 4.65995454 -0.454703566 0.748323285 -0.482966798 -2.10071583
251 -0.837290013 -0.177461127 0.517158567 9.12712246 0.301916064 0.638518119 0.707913343 4.70114532 -0.455842215 0.748867251 -0.481046479 -2.12952672
252 -0.835233759 -0.177976964 0.520296808 9.15908913 0.302468651 0.64148811 0.704986326 4.74368449 -0.459235542 0.746201853 -0.481960073 -2.15925897
253 -0.83293364 -0.184147235 0.521834597 9.19115901 0.299342376 0.643189059 0.704770868 4.78585941 -0.46541991 0.743234573 -0.480610734 -2.18878913
254 -0.830764916 -0.19178993 0.522538302 9.22326204 0.294495527 0.645165485 0.705006299 4.82779703 -0.472336786 0.739579692 -0.479499573 -2.21808992
255 -0.829116937 -0.196846502 0.523274841 9.25554829 0.290266141 0.648365736 0.703823443 4.86980887 -0.47781866 0.735440907 -0.480433139 -2.24741768
256 -0.828376407 -0.197811336 0.524083202 9.28758165 0.289761521 0.649371831 0.703103467 4.91165127 -0.479406705 0.73429347 -0.480606191 -2.27673914
257 -0.828063485 -0.196927964 0.524909747 9.31963859 0.292079278 0.647643194 0.70373858 4.95350802 -0.478540031 0.73605548 -0.478771103 -2.30609716
258 -0.82745524 -0.196869403 0.525889973 9.35172361 0.294451822 0.645322214 0.704881099 4.99552245 -0.478138003 0.73810682 -0.476006693 -2.33540394
259 -0.826262767 -0.198897641 0.52700054 9.38396477 0.294671247 0.64472818 0.705332851 5.03762518 -0.480061139 0.738082179 -0.474105474 -2.36449774
260 -0.825163187 -0.200215924 0.528222773 9.41618128 0.293896889 0.646403298 0.704121719 5.07952332 -0.482421323 0.736258352 -0.474545368 -2.39344727
261 -0.82430469 -0.200023767 0.529634092 9.44840001 0.293977279 0.648273985 0.702366143 5.1213651 -0.483837925 0.734664095 -0.475572843 -2.42240733
262 -0.823755136 -0.198605279 0.53102111 9.48084226 0.295523157 0.648908015 0.701130838 5.1632648 -0.48383214 0.734489163 -0.475848851 -2.45155991
263 -0.823582635 -0.197027423 0.531875774 9.51220213 0.297990904 0.647581256 0.70131301 5.20380197 -0.482610677 0.736083359 -0.474624297 -2.47986968
264 -0.823021079 -0.196694243 0.532867412 9.54503121 0.300005246 0.646074305 0.70184389 5.24613558 -0.482320595 0.737495334 -0.472723466 -2.50929488
265 -0.822340488 -0.196708325 0.533911938 9.57768543 0.301011774 0.645885887 0.701586298 5.28817139 -0.482854051 0.737656597 -0.471926594 -2.5383763
266 -0.821534669 -0.197546836 0.534842066 9.61010709 0.301350195 0.645882712 0.701443927 5.32964334 -0.484013272 0.737435265 -0.471084263 -2.56708787
267 -0.821088756 -0.198146738 0.535304703 9.64256393 0.301996798 0.64500179 0.701976228 5.37118154 -0.484366791 0.738045094 -0.469764037 -2.5957686
268 -0.820543663 -0.198881947 0.535867584 9.6752539 0.302340127 0.644603306 0.702194436 5.41299387 -0.485075813 0.738195468 -0.468795165 -2.62449338
270 -0.819729773 -0.197874606 0.537483711 9.74061491 0.302880421 0.646713437 0.700017986 5.49617925 -0.486113722 0.736618877 -0.470197915 -2.68169319
272 -0.819057551 -0.199001137 0.538092256 9.80551546 0.303693705 0.645340508 0.700932066 5.57880747 -0.486739008 0.737518933 -0.468135624 -2.73878554
274 -0.818755749 -0.200967492 0.537820687 9.8712484 0.302337329 0.645424017 0.701441358 5.66211458 -0.488089298 0.736912414 -0.467684649 -2.79586931
275 -0.818960259 -0.200673153 0.537619177 9.90414749 0.302159914 0.645673036 0.701288611 5.70368855 -0.487856003 0.736774467 -0.468145174 -2.82430819
277 -0.81928075 -0.201164276 0.536946912 9.96970131 0.301997696 0.644643928 0.702304491 5.78703281 -0.487418141 0.73754128 -0.467393214 -2.88157842
279 -0.819331062 -0.203296758 0.536066264 10.034984 0.300556676 0.643928997 0.703577381 5.87016472 -0.488223612 0.737581097 -0.466488831 -2.93827612
280 -0.81924313 -0.203785212 0.536015188 10.0680965 0.29994161 0.644390505 0.703417307 5.91230504 -0.488749143 0.737043054 -0.466788829 -2.96688536
281 -0.819268474 -0.202790439 0.536353619 10.0987771 0.300402247 0.644949981 0.702707629 5.95208021 -0.488423645 0.736828039 -0.467468484 -2.99423742
283 -0.819316552 -0.202462647 0.536404012 10.1647744 0.301004754 0.644374662 0.702977548 6.03603083 -0.487971849 0.737421298 -0.467004607 -3.05163841
284 -0.819205488 -0.202386385 0.536602386 10.1979114 0.300946175 0.644782813 0.702628297 6.07809647 -0.488194396 0.737085392 -0.46730221 -3.08034124
286 -0.818872085 -0.203262029 0.536780268 10.2635198 0.30051126 0.64495062 0.70266043 6.16162234 -0.489020952 0.736697526 -0.46704953 -3.13752201
288 -0.818512465 -0.204571006 0.536831489 10.328876 0.301119963 0.643028153 0.704160182 6.245218 -0.489248518 0.738014565 -0.464726145 -3.1947336
290 -0.818511576 -0.202788608 0.53750868 10.3941693 0.302466814 0.643331269 0.703305556 6.3286416 -0.488418495 0.738242277 -0.465237266 -3.25145624
291 -0.818464793 -0.202695971 0.53761485 10.427118 0.302985672 0.64276036 0.703604152 6.37059201 -0.488175241 0.738764823 -0.46466275 -3.27994471
292 -0.818251573 -0.203524535 0.537626383 10.4599786 0.302747289 0.642458461 0.703982389 6.41247681 -0.488680307 0.738799627 -0.464076145 -3.30834174
293 -0.818099576 -0.204122048 0.537631168 10.4929433 0.302243672 0.642737448 0.703944129 6.45442517 -0.489246201 0.738392012 -0.464128636 -3.33672949
294 -0.818206753 -0.203945007 0.537535249 10.5258805 0.301981227 0.643153518 0.703676695 6.49631374 -0.489229035 0.738078577 -0.464644988 -3.36517343
296 -0.818193798 -0.206121833 0.536724044 10.5915956 0.301422097 0.641167089 0.70572621 6.58021772 -0.489595373 0.739201295 -0.46246926 -3.42192872
297 -0.818302428 -0.20697161 0.536231189 10.6228041 0.300628523 0.641030797 0.706188366 6.62065564 -0.48990165 0.739082045 -0.462335488 -3.44913076
299 -0.818544111 -0.205152298 0.536561341 10.6885532 0.299523614 0.644606672 0.703397358 6.70471889 -0.490174605 0.736474557 -0.466191037 -3.5059586
301 -0.818707698 -0.205708275 0.536098695 10.7541625 0.300084219 0.642709825 0.704892575 6.78850638 -0.489558134 0.737975735 -0.464461675 -3.5629757
303 -0.818991994 -0.20540214 0.535781741 10.819821 0.300971128 0.641207965 0.705881524 6.87282689 -0.488537095 0.739366152 -0.463324076 -3.6198435
304 -0.819066808 -0.204718347 0.535929065 10.8523453 0.301152416 0.641684895 0.705370625 6.91465414 -0.488299894 0.739141999 -0.463931374 -3.64805
306 -0.819323682 -0.203413823 0.536033134 10.9174939 0.302379592 0.641028076 0.705442831 6.99833235 -0.487109112 0.740071498 -0.463701295 -3.70456967
307 -0.81935314 -0.203527416 0.535944982 10.9502675 0.302973859 0.639915657 0.706197418 7.04044317 -0.486690121 0.741002391 -0.462653416 -3.73302056
309 -0.819098709 -0.204184671 0.536083879 11.0156594 0.302971486 0.639563445 0.70651743 7.12438393 -0.487119681 0.741125644 -0.462003459 -3.78953215
311 -0.818836057 -0.203823237 0.5366224 11.0809234 0.304597806 0.638089088 0.707150969 7.20817936 -0.486546697 0.742494717 -0.460406241 -3.84586373
312 -0.818270679 -0.205586571 0.536812126 11.1135691 0.303833424 0.638064684 0.707501739 7.25010226 -0.487973716 0.742029394 -0.45964555 -3.87390809
314 -0.81755276 -0.206551352 0.537535137 11.1789865 0.303349191 0.63896324 0.706898328 7.33376169 -0.489475997 0.740987529 -0.459728975 -3.92982138
316 -0.8171663 -0.203638067 0.539231654 11.2444362 0.306491812 0.638787291 0.705700762 7.41751323 -0.488161866 0.741944967 -0.459582047 -3.98607038
318 -0.81637925 -0.204638758 0.540044349 11.3100598 0.307691519 0.637219706 0.70659534 7.50121246 -0.488723694 0.74301684 -0.457247336 -4.0421178
319 -0.816043239 -0.204009331 0.540789816 11.3428607 0.308282711 0.63781107 0.705803662 7.54292501 -0.488912264 0.742682457 -0.457588862 -4.06995742
320 -0.815559569 -0.20410689 0.541482195 11.3743116 0.308535518 0.638257251 0.705289667 7.58361761 -0.489559418 0.742272226 -0.457562584 -4.0970963
322 -0.814449387 -0.205394546 0.542664977 11.4398607 0.308844835 0.638299574 0.705115963 7.66646925 -0.491209797 0.741880539 -0.456427651 -4.15250724
323 -0.814030305 -0.205906434 0.543099625 11.4728005 0.308852908 0.638443886 0.704981762 7.70806148 -0.491898916 0.741614418 -0.45611787 -4.18022834
325 -0.812902825 -0.208513018 0.543793452 11.538655 0.307460651 0.639350582 0.704768601 7.79124563 -0.494628088 0.740103476 -0.455620346 -4.23555429
326 -0.812878917 -0.208333448 0.543898006 11.5715565 0.306876256 0.640502946 0.703976519 7.8326768 -0.495030131 0.739157054 -0.456718752 -4.26318036
327 -0.813165107 -0.207927387 0.543625525 11.6045902 0.307304774 0.639834114 0.704397673 7.87434986 -0.494293724 0.739850328 -0.456393697 -4.29098247
328 -0.813250593 -0.208650238 0.543220536 11.6376599 0.30740423 0.638581309 0.705490292 7.91625714 -0.494091198 0.740728689 -0.455186662 -4.31884659
329 -0.813122922 -0.210118896 0.542845432 11.6706725 0.306458188 0.638337905 0.706121872 7.95791877 -0.494888364 0.740523308 -0.454654526 -4.34642533
330 -0.813118273 -0.21002953 0.542886977 11.7037643 0.305728988 0.639552989 0.705338047 7.99977104 -0.495346807 0.739499541 -0.455820106 -4.37412971
331 -0.813303175 -0.208574651 0.543170839 11.7367888 0.305888776 0.640844326 0.704095594 8.04138752 -0.494944443 0.738793046 -0.457400081 -4.40179744
332 -0.81345495 -0.207118122 0.543500808 11.7696603 0.30640694 0.641663276 0.703123764 8.08320666 -0.494374182 0.738491926 -0.458501738 -4.4296865
334 -0.813524561 -0.207439297 0.543274081 11.8354333 0.306950475 0.640299678 0.704129056 8.16603974 -0.493922256 0.739584519 -0.457225924 -4.48524455
335 -0.813607027 -0.207639364 0.543074121 11.8683369 0.307243566 0.639440724 0.704781492 8.2076771 -0.49360409 0.740271204 -0.456457607 -4.51293707
336 -0.813508498 -0.207921909 0.543113619 11.9012332 0.307410515 0.639015394 0.705094392 8.24934522 -0.493662535 0.740559117 -0.455927072 -4.54063901
338 -0.813089948 -0.20762655 0.543852878 11.9670671 0.307476876 0.640111865 0.704070146 8.33251691 -0.494310335 0.739694543 -0.45662816 -4.59602351
340 -0.812817436 -0.207767995 0.544206096 12.0330584 0.308197591 0.639377938 0.704421818 8.41574717 -0.494309681 0.740289344 -0.45566394 -4.65150216
342 -0.812191511 -0.208869467 0.544718731 12.0989986 0.308027476 0.639418403 0.704459495 8.49870085 -0.49544326 0.739944357 -0.454992664 -4.7067399
343 -0.812026988 -0.208202198 0.545219236 12.1320418 0.308190082 0.64035491 0.703537108 8.54029636 -0.495611787 0.73932228 -0.455819617 -4.73443254
344 -0.811780062 -0.208195215 0.545589482 12.1647923 0.308728195 0.640036321 0.703591081 8.58170171 -0.495681382 0.739600067 -0.455292992 -4.76216832
345 -0.811590199 -0.208255469 0.545848888 12.197676 0.309397238 0.639325361 0.703943486 8.62291636 -0.495575118 0.740197772 -0.45443653 -4.78961089
346 -0.81132975 -0.208484921 0.5461484 12.2304943 0.309758868 0.638990964 0.704088057 8.66413339 -0.495775636 0.740421897 -0.453852325 -4.81702394
347 -0.811217314 -0.20745328 0.546707972 12.2640079 0.310217987 0.63984997 0.703105125 8.70597425 -0.495672544 0.739969697 -0.454701635 -4.8446807
348 -0.81097264 -0.20628728 0.547511584 12.2968587 0.311037867 0.64059249 0.702066028 8.74710296 -0.4955591 0.739653176 -0.455339827 -4.87216587
349 -0.810764267 -0.206010196 0.547924358 12.3297332 0.311894503 0.640067289 0.702164998 8.78823067 -0.495361607 0.740184886 -0.454690239 -4.89965583
350 -0.810559056 -0.206180741 0.548163769 12.3626379 0.312791801 0.638900123 0.702828515 8.82940138 -0.495131604 0.741145151 -0.453374635 -4.92710549
351 -0.810259861 -0.206441492 0.548507856 12.395607 0.313257238 0.638443281 0.703036329 8.87056627 -0.495327024 0.741466174 -0.452635673 -4.95442546
